2013 2019
2025 2035
2037 2045
2037 2044
204 206
2047 2063
2047 2058
2066 2079
2067 2078
2067 2079
2070 2078
208 215
208 217
208 219
2086 2091
2088 2517
2093 2110
2093 2096
2096 2110
2098 2100
2102 2109
2114 2116
2117 2131
2117 2133
2123 2131
2136 2150
2136 2147
2136 2145
2151 2156
2151 2161
2162 2166
2164 2166
2180 2184
2180 2185
2180 2191
2182 2191
2182 2184
2184 2191
219 228
219 233
2195 2197
2198 2205
2200 2205
2201 2205
2205 2207
2211 2221
2211 2218
2218 2221
2219 2221
2220 2226
2222 2226
2223 2226
2227 2236
2228 2235
2230 2236
2237 2240
2237 2243
2243 2246
2248 2257
2253 2257
2270 2273
2273 2278
228 233
2278 2288
2289 2328
2289 2299
2302 2322
2303 2324
2303 2328
2329 2334
2329 2343
2329 2341
235 244
2343 2352
235 258
235 237
235 238
235 240
235 244
235 250
2350 2352
2354 2361
2357 2361
2357 2366
237 244
237 240
2367 2370
2373 2377
2377 2398
2398 2400
2416 2418
2421 2424
2422 2424
244 299
2436 2438
2439 2443
2440 2443
2440 2442
2443 2445
2445 2447
245 250
2450 2453
2450 2454
25 34
2458 2460
2463 2465
2466 2469
2467 2469
2467 2475
2470 2475
2476 2482
2491 2506
2491 2508
2491 2497
251 258
2514 2518
2532 2548
2552 2558
258 291
2575 2608
2583 2608
2587 2632
259 268
259 263
2590 2608
2611 2617
2611 2625
262 268
2632 2647
2637 2643
2660 2664
2660 2663
2660 2662
269 282
271 277
28 34
278 287
281 287
283 287
288 298
288 303
288 291
288 296
288 293
291 296
291 299
296 298
296 303
298 308
298 304
300 303
309 321
309 314
309 315
314 321
315 321
36 41
36 54
36 38
359 361
366 370
366 387
39 41
39 43
398 408
416 427
423 427
429 437
430 437
44 54
438 444
438 452
446 452
454 456
468 499
500 503
501 506
503 511
503 505
503 506
508 511
512 524
520 2088
520 2517
544 550
552 556
558 562
558 581
585 590
594 620
620 623
621 628
621 636
626 628
629 636
632 650
632 636
637 659
64 68
637 650
637 657
637 650
637 640
645 650
65 68
651 657
653 659
653 684
653 657
659 684
659 662
69 78
69 79
684 688
686 688
771 775
771 791
771 794
775 786
775 790
775 794
787 794
787 790
795 802
80 88
80 93
804 808
809 811
809 815
811 815
815 827
83 88
821 827
827 849
834 849
85 88
851 855
858 874
858 875
877 886
884 886
888 907
889 907
904 907
919 923
928 934
928 936
931 947
931 949
935 942
935 947
935 949
936 942
94 98
949 955
961 964
963 965
968 972
970 972
979 981
985 988
100 104
100 103
996 1003
996 999
1001 1003
1001 1005
1008 1010
1010 1015
1010 1012
1018 1021
1025 1035
1037 1042
1037 1039
1049 1051
1052 1068
1052 1054
1052 1066
1056 1068
1060 1068
1060 1066
1066 1068
1069 1078
1072 1074
1079 1082
1089 1092
1093 1096
1094 1096
1103 1107
1104 1110
1105 1108
1105 1107
1105 1110
1108 1111
1108 1110
1112 1121
1123 1127
1123 1129
1131 1138
1132 1134
1132 1138
1144 1148
1145 1148
1149 1152
1149 1151
1150 1152
1154 1157
1154 1157
1168 1191
1175 1191
1175 1177
1179 1191
1196 1205
122 128
124 128
1257 1264
1260 1264
1271 1282
1277 1284
1279 1283
1282 1294
1282 1284
1285 1293
1299 1302
1300 1303
1304 1311
1304 1306
1306 1311
1306 1313
131 133
1314 1331
1320 1330
1334 1337
1334 1342
1334 1346
1342 1346
14 19
1356 1367
14 18
14 25
1369 1375
14 22
1373 1382
1373 1375
1376 1378
1376 1381
1386 1390
1391 1400
1391 2375
1396 1400
140 142
1396 1400
1406 1420
1406 1423
1420 1423
1437 1443
1441 1443
1442 1445
148 153
148 156
1515 1518
1515 1529
1516 1518
1519 1529
1521 1529
1530 1535
1541 1544
1541 1549
1541 1547
1542 1544
1549 1562
16 18
1563 1567
157 160
1568 1571
1597 1603
1597 1614
1599 1603
1599 1612
161 163
1612 1614
1614 1624
1618 1624
164 168
1641 1655
166 168
1659 1685
1659 1661
1662 1685
1662 1698
1685 1698
1706 1709
1718 1726
1720 1726
174 181
174 185
177 184
177 181
1771 1788
1771 1799
1774 1776
1789 1798
1789 1799
1799 1814
1799 1811
1804 1807
1828 1835
1828 1831
1836 1851
1836 1860
1836 1861
1840 1851
1845 1851
1845 1860
1851 1860
1864 1890
1864 1876
1868 1890
1868 1876
1879 1890
1880 1883
1880 1890
1891 1899
1891 1906
1895 1899
1899 1906
1904 1906
1911 1919
1927 1933
1930 1933
1930 1939
1933 1939
1940 1955
1940 1948
1948 1955
1948 1956
1951 1956
1951 1976
196 198
1980 1988
199 202
199 206
1982 1988
1989 2002
1989 2004
1989 1996
1996 2001
