2005 2009
2005 2021
2024 2028
2024 2030
2033 2037
2043 2046
2049 2051
2049 2053
2057 2059
2060 2065
2060 2067
2060 2071
2062 2065
2068 2071
2068 2077
2073 2076
2073 2077
2073 2076
2079 2083
2080 2083
2080 2084
2080 2085
2090 2094
2092 2097
2092 2101
2094 2097
2094 2101
2097 2101
2110 2113
2110 2120
2114 2120
2115 2118
2124 2128
2152 2159
2155 2159
2170 2175
2172 2175
2184 2192
224 231
224 227
2238 2240
2238 2241
2242 2249
225 235
2243 2246
2247 2253
2248 2254
2251 2253
2271 2278
2278 2282
2285 2303
2290 2303
2310 2318
232 236
232 237
2312 2318
2322 2338
2325 2330
2325 2338
2325 2327
2327 2338
2333 2338
237 241
2369 2379
2369 2371
2372 2379
2380 2382
2386 2401
2389 2430
2407 2410
2407 2412
2420 2424
2429 2433
2430 2504
2431 2433
2444 2450
2455 2470
2455 2468
2455 2473
246 259
247 254
247 256
2482 2484
2497 2507
2498 2515
2498 2507
2499 2504
2504 2507
2504 2520
2504 2513
2507 2522
2507 2515
2513 2520
2516 2522
2525 2531
2525 2529
2535 2541
2554 2564
2554 2594
2591 2594
2591 2597
2591 2598
2602 2614
2626 2639
2640 2673
2640 2677
265 267
2681 2684
2681 2686
2683 2702
2686 2689
2687 2702
2688 2705
2703 2707
275 277
277 283
291 298
294 296
301 303
310 316
338 350
338 346
353 368
353 371
424 427
424 432
432 441
432 445
436 445
437 453
446 458
446 455
446 453
446 466
451 466
453 460
458 466
469 472
473 477
473 480
486 490
486 497
486 494
499 506
499 508
533 537
533 544
533 540
538 544
541 544
544 553
551 553
551 556
551 577
552 566
554 559
555 559
557 559
571 574
579 592
580 586
580 592
60 62
597 620
606 611
614 618
615 617
621 642
622 642
633 642
644 646
647 653
651 653
66 95
662 666
662 669
673 699
709 718
709 744
709 711
709 713
711 718
719 744
734 758
763 768
766 774
767 863
768 862
873 880
875 880
876 880
878 880
884 898
884 908
884 891
98 107
98 109
98 114
992 998
992 995
996 998
998 1015
998 1001
998 1008
1004 1015
1013 1015
1044 1046
1063 1075
1064 1080
1082 1085
1089 1091
110 119
110 113
110 114
1138 1141
1183 1189
1199 1201
122 129
1211 1228
1211 1236
1215 1221
1215 1219
1215 1228
1228 1240
1228 1232
1228 1236
124 130
1238 1244
1240 1244
125 129
1252 1255
1252 1270
1258 1261
1274 1277
1274 1281
1277 1281
1288 1299
1288 1297
1288 1292
130 150
130 135
1299 1310
1300 1308
1316 1359
135 150
1386 1391
1391 1399
1393 1399
1393 1402
1393 1402
140 150
1400 1402
1416 1420
1416 1424
1416 1418
1420 1423
1420 1426
1421 1428
1424 1426
1424 1428
1426 1428
144 150
1440 1443
1441 1443
1445 1451
1445 1453
1447 1451
1447 1453
1454 1460
1462 1467
1462 1474
1462 1470
1462 1472
1463 1467
1463 1470
1474 1482
1475 1477
1477 1482
1478 1482
1480 1482
1483 1492
1483 1497
1501 1509
1506 1509
152 162
1513 1517
1513 1520
152 155
152 186
152 187
1521 1540
1521 1536
1521 1538
1538 1540
1544 1556
1567 1575
1579 1590
1579 1589
1581 1589
159 186
159 187
1590 1592
1597 1620
1621 1645
1623 1625
1627 1634
1645 1654
1650 1654
1650 1659
1692 1713
1692 1695
1719 1722
1721 1727
1723 1727
1727 1730
1734 1763
1747 1763
1751 1763
1761 1767
1764 1767
1770 1774
1793 1797
1793 1798
1793 1803
1793 1807
1801 1803
1807 1812
1812 1820
1812 1814
1814 1820
1816 1820
1816 1827
1821 1823
1821 1827
1824 1827
1832 1853
1832 1839
1832 1848
1851 1853
1854 1856
1854 1861
1856 1861
1862 1869
1863 1874
1871 1874
188 215
188 231
1877 1882
1877 1884
1893 1903
1897 1902
1897 1903
1903 1905
1907 1909
1912 1922
1914 1922
1921 1925
1928 1943
1938 1943
1939 1943
1941 1943
1943 1948
1944 1948
1950 1953
1952 1961
1956 1962
1960 1962
1964 1966
1964 1990
1969 1972
1971 1976
1977 1980
1985 1987
1994 1997
