2004 2018
2018 2020
2018 2033
2025 2033
2034 2036
2041 2047
2041 2049
205 212
205 217
2050 2062
2051 2058
2053 2058
2053 2060
2053 2062
206 212
2058 2062
2058 2060
2060 2062
2076 2110
2115 2118
2120 2137
2120 2123
2124 2135
2135 2144
2177 2184
2180 2185
2185 2187
220 235
220 226
2229 2231
2238 2250
2238 2240
2253 2257
226 232
226 235
2265 2267
2268 2270
2268 2275
2268 2270
2271 2275
2271 2273
228 232
2278 2283
2281 2283
2291 2293
233 239
233 235
2365 2371
237 239
2372 2376
2376 2393
2380 2393
2393 2405
2393 2399
2393 2402
240 263
240 258
2404 2409
2410 2419
2411 2419
2418 2429
2418 2422
2420 2422
2430 2437
2444 2450
2446 2450
2455 2471
2455 2496
2496 2551
2546 2551
2560 2565
2560 2569
2577 2580
2590 2604
2590 2613
2614 2639
2614 2644
2619 2647
2619 2649
2619 2622
2619 2645
2621 2643
2622 2649
2632 2634
264 307
264 315
2644 2649
2649 2652
2667 2679
2667 2691
2667 2693
2693 2704
2698 2714
2698 2700
2698 2704
2705 2714
2715 2743
2716 2730
2725 2730
2734 2738
2734 2743
2738 2742
2738 2743
2744 2772
2765 2772
2774 2792
2775 2777
2775 2783
2869 2875
2876 2881
2878 2880
2878 2881
2950 2974
2957 2974
2957 2974
2974 2986
2974 2997
2975 2986
2998 3004
2998 3009
301 315
3009 3030
3009 3039
3010 3042
3010 3027
3043 3046
3059 3061
3059 3070
3061 3070
3076 3088
3081 3088
3110 3123
3125 3162
3125 3134
3144 3146
3144 3148
316 330
316 339
3164 3170
3164 3173
3164 3178
3164 3166
3167 3178
3168 3173
3168 3170
3173 3178
3178 3193
3181 3193
3196 3200
3220 3238
3220 3222
3224 3237
3249 3257
3249 3260
3258 3260
3259 3264
3262 3264
3282 3299
3285 3299
3318 3322
3326 3332
3326 3335
3348 3362
3348 3380
337 339
3380 3396
3384 3396
3385 3392
3385 3393
340 356
340 358
340 342
340 350
3393 3396
3397 3400
3407 3416
3408 3416
3408 3413
3416 3434
3416 3422
3422 3434
3425 3434
3437 3446
3441 3444
3441 3446
3444 3446
3450 3467
3450 3460
3452 3467
3452 3460
3474 3476
3478 3482
3486 3499
3486 3505
3501 3505
3507 3512
3509 3512
3525 3540
3526 3540
354 358
3532 3540
3532 3539
3540 3551
3540 3561
3540 3554
3541 3547
3541 3549
3551 3561
3554 3561
3561 3572
3561 3564
3561 3566
3565 3572
3568 3572
3580 3586
3580 3583
359 361
3584 3586
3594 3600
3596 3600
3606 3613
361 367
361 372
3620 3639
3630 3639
3637 3639
3639 3647
3639 3652
3640 3642
3640 3647
3640 3644
3644 3647
3649 3652
3653 3657
3653 3659
3657 3659
3662 3671
3663 3671
3671 3677
375 402
3748 3751
3755 3767
3761 3767
3764 3767
3768 3775
379 392
379 402
3788 3806
3800 3806
3811 3819
382 392
3814 3819
3820 3822
3820 3825
3820 3828
3820 3834
3825 3834
3839 3848
3839 3841
3841 3848
3849 3861
3849 3852
3854 3861
3855 3861
3901 3924
392 402
3924 3939
3924 3931
3928 3931
3929 3941
3929 3931
3931 3939
3939 3943
3939 3947
3944 3947
3960 3965
3960 3964
3962 3964
3962 3965
3974 3980
3974 3984
3984 4013
3984 4007
3991 4008
4017 4034
4017 4027
4017 4032
4029 4032
404 409
4032 4039
4032 4041
4032 4034
404 406
4036 4039
4036 4041
4036 4042
4039 4041
4042 4045
4043 4061
4043 4045
4051 4061
4055 4061
407 409
4069 4087
4070 4075
4082 4087
4083 4183
4087 4096
4087 4094
4104 4112
4104 4131
4115 4131
413 417
4133 4135
4141 4143
4152 4167
4154 4167
4157 4167
4173 4178
4186 4204
4205 4217
4217 4222
4247 4269
4253 4269
426 431
4261 4269
4272 4281
4272 4282
4273 4281
4273 4278
4278 4313
4278 4281
4278 4282
4282 4338
4283 4323
4283 4336
4283 4296
4313 4318
4317 4336
4317 4323
4327 4336
4342 4351
4348 4351
4351 4368
4351 4372
4360 4362
4374 4376
4374 4377
4374 4379
4384 4391
4386 4395
4391 4395
4395 4397
4398 4401
4399 4401
4401 4404
4406 4408
4409 4411
4409 4412
4413 4449
4432 4449
4459 4470
4464 4469
4464 4466
4466 4497
4472 4476
4498 4504
4505 4511
4505 4513
4508 4613
4511 4513
4516 4518
4520 4531
4523 4531
4531 4554
4531 4558
4536 4554
4536 4558
4542 4554
4554 4558
4560 4573
4560 4575
4560 4563
4567 4573
4571 4575
4584 4591
4613 4621
4618 4621
4618 4630
4618 4634
4622 4630
4631 4637
4634 4638
4636 4639
4636 4638
4640 4642
4640 4646
4642 4646
4648 4650
4650 4652
4650 4831
4650 4653
4651 4653
4656 4664
4656 4667
4656 4661
4664 4667
4670 4679
4670 4684
4675 4684
469 474
4701 4710
4704 4709
4710 4734
4710 4721
4721 4730
4721 4734
4731 4734
4734 4742
4734 4760
4746 4760
4762 4768
4762 4770
4776 4784
4786 4794
4800 4819
4800 4822
5 13
481 487
4820 4822
4846 4857
493 502
493 508
504 508
6 14
524 528
524 532
524 537
525 528
537 540
544 551
544 547
544 549
547 551
581 589
584 589
584 602
603 606
608 632
608 619
609 628
609 619
619 628
619 632
619 635
622 632
656 672
660 672
685 713
687 696
687 713
732 735
732 738
753 771
753 763
753 762
76 139
759 762
763 771
765 771
771 775
771 780
777 780
777 779
784 790
786 790
788 795
793 800
81 111
81 139
803 816
833 839
833 841
842 847
847 849
855 858
862 877
864 870
864 875
866 870
868 870
868 875
870 875
873 875
89 139
886 895
886 904
890 904
893 904
895 904
896 904
905 917
905 915
918 924
918 921
918 920
925 938
925 932
925 934
926 934
926 932
934 938
938 943
938 941
945 952
949 951
952 960
954 960
955 960
962 967
962 973
963 972
967 973
984 995
984 1008
1096 1102
1103 1108
1119 1124
1119 1128
1129 1140
1129 1155
1160 1174
1163 1174
1163 1170
1163 1166
1186 1216
1191 1216
1219 1225
1221 1225
1243 1261
1243 1253
1245 1261
1245 1253
1248 1251
1249 1253
1254 1261
1254 1266
1261 1269
1261 1275
1261 1276
1279 1282
1286 1292
1286 1295
1292 1306
1292 1295
1292 1302
1296 1302
1297 1302
1298 1302
1300 1302
1303 1306
1306 1308
1306 1316
1310 1316
1334 1362
1367 1371
1369 1374
1372 1374
1374 1379
1375 1379
1375 1383
1386 1391
1396 1399
1396 1401
1403 1408
1403 1411
1403 1406
1411 1426
1411 1417
1411 1423
15 31
1422 1424
1425 1435
1428 1435
1431 1435
1436 1441
1436 1448
1436 1457
1444 1457
1444 1448
1444 1460
1460 1462
1463 1465
1465 1468
1490 1497
1490 1492
1495 1497
1499 1503
1503 1513
1503 1517
1506 1517
1506 1513
152 177
1514 1517
1520 1537
1521 1537
1529 1537
1544 1585
1579 1585
1589 1603
1612 1615
1686 1691
169 177
1695 1703
1695 1704
18 32
1706 1711
171 174
171 177
1713 1716
1722 1727
1734 1779
174 177
1741 2261
1742 2143
1743 2253
1768 1770
1770 1780
1778 1780
1779 1784
1781 1789
1782 1933
1783 1789
181 186
186 191
1942 1944
1951 1953
1951 1956
1954 1956
1968 1981
1969 1981
1969 1976
1981 1990
1981 1985
1981 1983
1986 1990
1986 1994
200 204
200 212
1996 1999
