2001 2007
2004 2007
201 239
2016 2023
2016 2028
2029 2039
2031 2039
2031 2046
2034 2036
2039 2046
2041 2053
208 216
2080 2102
2080 2105
2085 2102
2087 2102
2108 2127
2116 2127
2119 2127
2140 2153
2140 2164
2140 2143
2158 2163
2158 2164
2165 2173
2165 2177
2168 2173
2175 2177
2190 2201
220 234
223 234
2226 2234
2228 2234
2229 2234
2237 2241
2237 2245
2237 2244
2242 2245
2247 2254
2248 2254
2250 2254
226 228
226 234
2256 2261
2258 2261
2265 2270
2270 2276
2270 2278
2270 2273
2278 2283
229 234
229 237
2291 2309
2297 2309
2299 2309
2299 2311
2318 2330
2330 2345
2335 2345
2343 2345
2364 2371
2367 2371
2373 2377
2373 2380
2373 2388
2373 2376
2378 2389
2386 2388
240 259
2393 2403
2400 2403
2400 2406
2400 2411
2406 2411
2419 2432
2426 2435
2426 2442
2426 2437
2426 2440
244 251
2437 2440
2437 2442
2446 2448
2461 2465
2461 2466
2475 2484
2482 2484
2482 2486
2486 2489
2490 2493
2490 2504
2490 2507
2525 2544
2528 2544
2528 2546
2530 2544
2530 2534
2530 2546
2546 2554
2548 2554
2557 2567
2563 2567
2568 2571
2574 2580
2576 2580
2583 2591
2585 2591
2585 2593
2588 2594
2588 2591
2600 2606
2610 2613
2616 2635
2626 2635
263 270
2631 2635
2640 2642
2640 2643
2642 2648
2646 2648
2649 2673
2649 2663
2656 2662
2664 2671
2664 2666
2673 2679
2679 2684
2681 2684
2687 2713
2687 2705
2691 2705
2691 2700
271 274
2716 2730
2716 2735
2719 2730
2723 2730
2730 2735
2737 2754
2737 2756
2737 2749
275 279
2749 2756
2763 2773
2764 2773
2767 2773
2769 2782
2769 2773
2774 2781
279 291
2794 2810
2813 2817
2815 2819
2821 2828
2821 2824
2821 2826
2822 2824
2824 2826
2834 2840
2837 2840
2847 2855
2852 2855
2856 2868
2857 2868
287 291
2870 2874
2874 2877
2874 2881
2874 2884
2919 2927
294 300
295 297
295 300
2962 2974
297 300
2972 2974
2974 2980
2977 2980
2982 2984
2985 2989
2986 2989
2986 2988
2994 2999
2999 3005
3001 3005
3005 3012
3009 3012
3009 3018
3011 3018
3018 3020
3024 3032
3024 3033
304 309
3036 3044
3038 3044
3044 3046
305 309
305 318
3056 3067
3056 3070
307 309
309 317
3082 3101
3090 3101
3102 3109
3118 3122
3118 3125
3126 3137
3126 3138
3126 3128
3126 3131
3129 3137
3129 3138
3131 3137
314 318
314 326
3147 3161
3147 3164
3147 3166
3152 3161
3152 3164
3152 3166
3166 3171
317 332
3169 3171
318 326
3172 3191
3172 3180
3173 3180
318 325
3177 3180
3180 3191
3181 3191
3192 3195
3195 3203
3198 3203
3209 3214
3214 3223
3217 3223
322 325
322 326
322 332
3220 3223
3256 3265
3256 3299
327 332
329 332
333 346
333 342
333 350
3342 3352
3356 3358
3359 3372
3359 3367
3365 3367
3365 3372
338 346
3378 3388
3396 3408
3401 3403
3401 3411
3403 3411
3414 3426
3416 3426
3418 3426
3419 3424
3419 3421
3428 3432
3432 3442
3444 3447
346 350
346 358
350 358
3536 3550
3536 3539
3539 3542
3564 3574
3564 3581
3575 3578
3575 3581
3575 3586
3583 3586
359 367
3591 3607
3593 3607
3629 3649
3629 3640
3629 3647
3649 3652
3649 3663
3653 3663
3657 3659
3657 3663
3659 3663
3664 3666
3664 3670
3673 3675
3673 3681
3673 3685
3678 3681
3686 3690
3692 3698
3702 3706
3708 3710
3714 3731
3714 3731
3715 3720
3715 3726
3715 3727
3720 3726
373 376
3727 3731
3732 3738
3739 3748
3741 3748
3750 3776
3750 3770
3750 3774
3750 3778
3750 3754
3780 3794
3794 3809
3794 3799
3794 3803
3794 3803
3813 3816
3818 3820
3823 3844
3839 3844
3844 3851
3846 3851
3846 3856
3846 3866
3846 3850
3851 3866
3851 3853
3851 3856
3864 3866
3871 3881
388 392
388 399
3882 3887
3882 3900
3885 3887
3888 3897
3889 3900
3889 3897
3895 3900
3898 3900
3907 3910
3917 3919
3927 3929
3935 3945
3935 3939
3940 3945
5 1506
412 431
453 461
479 486
5 1506
481 486
497 513
497 502
514 519
514 518
514 524
515 517
544 546
548 555
549 568
556 568
556 564
575 605
603 615
617 624
645 648
645 655
647 651
65 81
65 87
649 655
649 651
651 660
652 655
656 660
660 663
660 669
660 677
664 669
664 677
674 677
679 695
679 719
7 1506
687 695
721 735
736 739
736 741
736 746
8 1506
742 746
758 761
764 771
768 771
772 774
772 781
783 787
785 789
787 789
795 805
796 801
805 808
808 839
808 813
813 825
813 839
9 1506
839 846
839 843
839 850
844 850
846 850
846 852
853 856
857 859
861 869
872 885
88 103
877 885
878 885
88 94
881 885
892 900
10 18
902 911
902 906
902 915
906 914
912 915
912 920
912 923
916 923
916 920
917 929
920 923
920 929
920 926
923 929
923 932
923 925
926 929
931 933
931 934
935 941
935 939
935 949
939 949
96 101
96 103
952 957
952 961
958 961
958 964
96 101
961 964
966 970
98 101
985 990
987 990
992 995
997 999
101 105
1005 1007
1008 1012
1012 1014
1014 1029
1021 1029
1029 1035
1031 1034
1031 1035
1031 1037
1041 1044
1046 1048
1058 1063
1068 1079
1069 1075
1080 1089
1090 1126
1098 1105
1098 1126
1111 1116
1111 1126
1128 1130
1135 1137
1135 1141
1137 1141
1138 1141
1145 1151
1160 1164
1160 1166
12 1506
1164 1168
1164 1173
1164 1171
1164 1166
1166 1171
1166 1173
1167 1170
1173 1181
1184 1197
1187 1197
1192 1197
1232 1244
1237 1244
1244 1251
1247 1251
1253 1277
1254 1265
1267 1280
1267 1277
1281 1288
1281 1290
1291 1314
1291 1315
1316 1323
1327 1338
1330 1338
1341 1349
1344 1357
1344 1379
1349 1357
1384 1395
1385 1390
1385 1388
1388 1390
1388 1395
1412 1433
1412 1435
1422 1433
1423 1429
1436 1463
1443 1458
1455 1458
1460 1463
1463 1472
1464 1470
1505 1510
1542 1547
1575 1582
1575 1589
1635 1644
1692 1709
1692 1713
170 174
1741 1745
1748 1762
1757 1762
1757 1765
1766 1783
181 187
181 183
188 196
1880 1931
189 194
191 196
1951 1955
1951 1961
1956 1967
1956 1961
1956 1971
1959 1961
1962 1967
1962 1971
1966 2237
1967 1978
1967 1971
1971 1975
1971 1978
1971 1990
1975 1978
1975 1990
1992 2007
1992 1996
1992 2000
1996 2000
