348 351
349 360
354 360
354 366
367 372
379 406
384 390
395 399
403 406
416 422
419 422
442 446
448 466
448 466
451 470
451 465
451 466
455 466
459 461
464 473
464 466
466 1020
467 473
467 475
467 470
471 473
474 502
478 483
478 484
479 517
480 484
480 515
495 499
497 499
501 503
514 520
518 535
518 524
524 535
526 535
536 541
536 538
538 541
544 569
566 569
569 585
569 580
580 585
580 589
580 593
586 589
586 593
596 610
596 599
601 609
601 610
611 614
611 614
611 616
614 616
616 618
621 624
621 627
630 633
642 647
642 650
643 647
648 650
659 661
659 664
659 668
669 672
674 711
675 679
675 680
675 687
675 690
678 711
679 687
679 691
687 691
687 711
697 709
697 711
709 711
715 731
715 720
715 721
716 727
721 731
727 731
734 738
739 748
744 752
744 746
744 748
746 748
746 753
750 752
754 758
755 758
765 768
784 791
786 788
786 791
786 791
789 795
789 791
792 795
792 799
799 809
799 815
809 815
817 821
819 826
819 821
822 826
827 830
837 839
842 847
845 847
852 857
862 864
873 875
874 876
876 901
888 890
888 901
890 901
905 910
914 917
914 919
921 960
921 928
929 931
931 935
931 939
936 939
953 978
1004 1007
1004 1010
1004 1014
1007 1010
1012 1014
1014 1019
