2003 2005
2026 2032
2039 2050
2041 2050
2042 2050
2043 2048
2052 2057
206 209
2059 2071
2064 2071
2089 2091
210 213
210 214
2129 2141
214 218
2139 2141
2152 2154
2158 2177
2160 2181
2162 2175
2202 2208
2202 2209
2210 2230
2210 2213
2218 2230
2221 2230
2231 2242
2231 2236
2238 2242
2247 2257
2247 2254
2255 2257
2255 2259
2259 2276
2261 2273
2261 2276
2269 2276
2274 2276
2289 2292
2293 2309
2293 2304
2293 2299
2300 2309
2300 2304
2310 2326
2319 2322
2319 2326
24 33
2367 2382
2368 2375
2377 2396
2377 2382
2431 2436
2438 2447
2455 2459
2480 2485
2482 2485
2482 2487
2482 2495
2514 2518
2520 2533
2521 2523
2539 2551
2539 2549
2539 2557
2542 2551
2545 2551
2551 2557
2551 2561
2551 2564
2565 2570
2565 2583
2581 2583
2589 2609
2605 2609
2605 2616
2611 2613
2611 2615
2611 2615
2616 2627
2619 2627
27 36
2623 2627
2629 2635
2629 2637
2635 2637
2635 2644
2649 2653
2656 2666
2668 2670
2668 2673
2671 2673
2673 2679
2675 2679
2682 2685
2697 2704
2698 2704
2705 2709
2705 2711
2712 2716
2712 2723
2715 2723
2734 2737
2740 2742
2740 2750
2740 2742
2751 2755
2760 2772
2776 2778
2781 2783
2784 2787
2784 2791
2793 2795
2795 2802
2795 2801
280 286
280 293
2799 2801
2816 2819
2816 2819
2822 2831
283 285
283 286
2822 2827
2822 2826
2828 2831
2831 2839
2831 2842
284 286
2840 2842
2842 2846
2843 2846
2846 2867
2847 2865
2847 2872
2848 2860
2848 2856
2848 2865
2849 2852
2849 2852
2856 2865
2860 2865
2872 2893
2872 2905
2902 2917
2902 2905
2914 2917
2919 2927
2919 2932
2921 2927
2937 2939
2941 2945
295 301
2952 2963
2952 2956
2957 2969
2957 2963
2963 2970
2963 2967
2963 2969
2974 2979
2976 2979
30 36
30 130
30 135
2981 2985
2981 2988
2985 2988
2994 2997
2997 2999
2997 3005
2997 3001
2999 3001
2999 3005
3004 3011
3009 3011
3017 3021
3017 3023
3019 3021
3021 3023
3025 3038
3025 3031
3039 3067
3039 3051
3068 3072
3069 3080
3069 3072
3070 3076
3070 3081
3072 3076
3077 3080
3081 3084
3083 3085
3100 3132
3108 3125
3108 3128
3108 3132
3122 3132
3128 3132
3132 3134
3132 3135
3138 3143
3142 3144
3145 3147
3151 3172
3151 3171
3152 3163
3153 3171
3163 3171
3167 3171
3168 3171
3172 3175
3172 3189
3172 3174
3178 3189
3178 3198
3189 3196
3191 3196
3193 3196
3198 3258
3198 3208
324 330
3233 3256
3260 3293
3260 3279
3263 3279
3269 3293
3341 3353
3344 3353
3354 3375
336 344
3363 3375
3369 3381
3383 3389
3383 3393
3391 3393
3394 3397
3394 3402
3394 3396
3404 3416
3413 3416
3417 3427
3417 3430
3419 3427
3419 3430
3427 3430
3427 3429
3431 3435
3431 3433
3439 3448
3439 3443
3443 3448
345 367
345 347
3449 3455
3449 3453
3449 3452
3455 3461
35 41
3461 3468
3461 3475
3470 3475
3477 3485
3477 3488
3488 3498
3500 3503
3504 3508
3507 3552
3522 3528
3522 3531
3531 3535
3535 3538
3537 3539
3548 3579
3551 3585
3555 3579
3555 3560
3564 3566
3585 3587
3585 3591
3585 3606
3592 3596
3605 3612
368 437
370 374
417 688
431 589
458 463
6 32
7 9
7 13
7 18
632 637
632 642
637 642
645 653
645 647
650 652
650 653
655 669
669 679
680 690
690 699
691 698
702 704
702 719
714 719
716 719
722 727
722 731
725 734
729 734
731 734
735 738
735 738
735 741
749 764
757 764
769 774
769 779
769 777
788 792
795 814
795 818
799 814
808 810
810 814
810 817
810 812
817 839
834 842
834 837
838 852
838 856
838 842
859 868
859 861
862 868
863 868
865 868
867 870
875 887
891 896
898 916
98 109
995 1001
1006 1040
1006 1026
1006 1034
1042 1045
1045 1048
1050 1071
1052 1071
1056 1071
1071 1076
1071 1075
1077 1089
1077 1083
1085 1090
1090 1100
1095 1100
110 118
110 132
1105 1123
1106 1110
1106 1108
1112 1129
1112 1131
1112 1123
1124 1129
1124 1131
1132 1156
1136 1156
1139 1156
1142 1156
116 130
116 135
1156 1163
1164 1174
1164 1166
1164 1170
1170 1174
1174 1180
1174 1182
1176 1182
1176 1180
1183 1194
1183 1200
1183 1192
1183 1190
1206 1220
1207 1220
1236 1242
1254 1266
1269 1271
1269 1279
1271 1279
1271 1282
128 135
1279 1282
1279 1296
1283 1296
1286 1296
130 135
1312 1322
1326 1331
133 135
1331 1351
14 19
1352 1356
1352 1367
1352 1360
1352 1361
136 155
14 16
1368 1374
1416 1422
1422 1433
1429 1433
1434 1443
1434 1437
1458 1479
1458 1462
1464 1479
1467 1479
1470 1479
1476 1479
1480 1485
1482 1493
1491 1500
1494 1500
16 18
1501 1511
1515 1517
1518 1522
1524 1527
1552 1554
1556 1566
1557 1566
1564 1569
1564 1569
1567 1576
1567 1569
1569 1576
1577 1583
1578 1588
159 185
1588 1600
1588 1592
1593 1600
1596 1600
1615 1630
1615 1631
1617 1623
1617 1630
1617 1621
1617 1631
1633 1658
1639 1656
1639 1658
1661 1672
1661 1687
1724 1727
1729 1731
1742 1760
1749 1760
176 185
1761 1792
1761 1772
1761 1787
1764 1775
178 185
1795 1797
1795 1802
1804 1815
1805 1814
1808 1814
1811 1814
1812 1814
19 33
19 23
1859 1863
1859 1866
1859 1863
188 191
1878 1881
1887 1904
1887 1892
1901 1904
1903 1914
1904 1914
1904 1916
1904 1906
1904 1919
1906 1914
1914 1919
1920 1930
1922 1930
1965 1968
1966 1968
1968 2005
1969 2021
