313 340
316 343
319 322
325 338
329 338
350 355
376 379
380 384
382 386
448 484
466 504
526 534
526 529
526 536
529 536
532 539
536 539
536 538
536 543
539 855
540 542
540 545
540 562
546 562
546 551
565 603
565 582
609 661
610 615
610 625
611 615
618 625
629 650
635 650
645 650
650 652
650 660
652 660
664 673
665 673
676 680
681 684
685 697
685 692
687 697
692 695
692 697
706 720
706 713
706 715
716 721
717 721
718 720
723 745
726 729
726 736
729 736
751 755
756 767
758 760
758 767
761 767
767 769
782 791
782 795
791 795
792 795
798 811
802 811
812 816
818 851
818 822
854 857
865 871
867 869
872 880
872 878
872 874
875 880
875 878
881 885
887 891
893 902
912 915
912 919
912 925
912 914
919 925
925 928
928 931
932 945
932 938
935 945
940 942
940 945
