211 231
211 224
211 226
214 224
214 226
214 231
226 231
26 29
259 262
262 276
263 271
267 271
277 281
287 305
30 35
314 330
330 335
336 349
336 346
350 366
354 358
368 393
370 401
373 393
384 392
384 393
39 44
396 400
40 44
398 400
402 412
402 405
407 411
413 417
417 430
421 430
425 430
435 446
436 445
447 452
447 454
454 465
454 467
47 49
469 472
476 480
500 508
506 508
603 607
605 607
61 66
609 625
609 611
623 628
623 625
626 628
630 638
630 634
641 646
649 655
650 654
658 663
659 668
7 13
7 15
663 666
663 668
669 671
669 676
7 10
674 676
675 678
678 681
692 695
696 702
705 711
717 724
718 721
718 724
721 750
721 724
724 738
724 733
731 733
734 741
734 738
746 748
746 754
746 751
749 751
752 754
76 82
758 771
771 787
776 787
789 792
792 798
793 800
797 800
808 837
812 837
82 84
82 92
842 857
842 847
842 855
844 847
844 855
848 850
848 855
855 857
855 859
857 859
857 861
857 865
861 865
867 870
868 870
880 889
880 882
885 888
893 895
896 901
899 901
904 907
904 907
908 921
92 95
92 102
917 921
919 926
919 921
927 945
929 945
930 945
931 945
946 951
95 99
95 102
949 951
955 957
959 970
959 964
965 970
972 982
972 974
972 976
976 984
977 982
989 999
989 991
993 999
993 1005
1000 1005
1015 1020
1019 1057
104 109
1041 1054
1041 1052
1041 1044
1044 1057
1044 1050
1044 1052
1044 1054
1048 1052
1049 1051
1052 1066
1052 1057
1055 1057
1055 1066
1057 1066
1066 1099
11 13
11 15
111 120
111 122
111 119
111 116
1103 1111
1103 1113
1103 1112
1103 1119
112 116
1114 1119
1114 1124
1114 1122
1120 1124
1120 1138
1120 1122
1122 1152
1122 1136
1122 1124
1124 1136
1125 1136
1137 1146
1137 1145
1137 1149
1137 1141
1138 1145
1140 1145
1145 1149
1149 1160
1149 1162
1149 1156
1150 1152
1154 1156
1164 1167
1164 1169
1171 1210
1173 1210
1176 1210
1212 1220
1212 1215
1218 1220
123 146
123 157
1244 1246
1247 1250
1247 1252
137 157
159 174
16 22
16 24
16 19
161 175
163 168
163 174
163 166
188 199
188 192
192 231
193 198
193 202
200 209
