2006 2011
2006 2013
2006 2019
2006 2027
2019 2027
2028 2036
2036 2039
2040 2059
2072 2082
210 212
22 24
212 219
212 221
2132 2154
2151 2154
2155 2162
2157 2166
2157 2162
2160 2162
2167 2174
2188 2194
2197 2202
2197 2199
2200 2202
2202 2204
2202 2207
2202 2211
2204 2207
2204 2211
2207 2211
2215 2218
2215 2220
2218 2220
222 235
2222 2224
2224 2227
2227 2231
2229 2236
2236 2243
2236 2238
2236 2246
2241 2246
2242 2244
2259 2267
2259 2261
2259 2264
2259 2266
227 235
2261 2266
2266 2272
2268 2272
2269 2272
2274 2280
2274 2285
228 235
2288 2297
2291 2297
2298 2305
2311 2314
2314 2321
2314 2323
2314 2327
2324 2326
2324 2327
2328 2331
2339 2341
2343 2365
2343 2353
2343 2348
2343 2345
2346 2348
2346 2352
2359 2365
2362 2369
2362 2365
2362 2366
2374 2391
239 241
2397 2399
2410 2902
2411 2903
244 254
244 246
247 254
248 254
280 282
280 283
280 286
284 286
285 4699
289 298
2899 2902
2903 2985
2909 2911
2909 2912
2932 2985
2933 2935
2936 2938
2936 2948
2940 2948
2999 3003
2999 3001
3001 3003
3020 3023
3022 3025
304 4699
3032 3035
3032 3037
3041 3044
3041 3049
3044 3049
3053 3058
3057 3064
3067 3070
3067 3071
3070 3075
3070 3080
3073 3075
3073 3080
3076 3080
3080 3085
309 312
3091 3098
3093 3098
3093 3101
3105 3112
3119 3121
3122 3124
3123 3126
3129 3132
314 316
314 4699
3144 3150
3144 3147
3147 3150
3159 3162
3170 3181
3170 3180
3176 3180
3176 3181
3196 3198
3196 3200
3202 3205
3202 3206
3202 3207
321 4699
3208 3211
3208 3212
3214 3219
3214 3217
3214 3219
3215 3217
3215 3219
3217 3219
322 4699
3224 3228
3224 3226
3224 3228
3231 3235
3233 3235
3236 3241
3241 3248
3241 3245
3252 3256
3257 3263
3257 3266
3261 3266
327 4699
3268 3296
3270 3296
329 331
329 334
329 4699
329 332
330 4699
331 4699
3308 3312
3308 3318
3312 3318
3314 3329
3314 3318
3319 3329
3319 3329
334 4699
3338 3341
3338 3349
3341 3351
3341 3349
3345 3351
3345 3349
3345 3347
335 4699
3352 3354
3354 3359
3364 3646
337 4699
3367 3371
3369 3387
3369 3391
3372 3387
3372 3391
339 4699
3392 3396
3392 3394
3398 3411
3411 3430
3414 3418
3419 3424
35 37
3433 3439
3436 3440
3440 3448
345 2985
3449 3454
3452 3454
346 352
3455 3464
3455 3468
3455 3476
3456 3464
3456 3468
346 348
346 4699
3469 3476
3469 3481
3469 3495
348 352
348 354
3482 3484
3482 3495
3485 3500
3485 3495
350 352
350 354
3495 3500
3495 3502
3500 3502
3500 3506
3503 3506
3503 3521
3507 3521
3509 3521
352 4699
3531 3538
3538 3543
3538 3559
355 4699
3561 3564
357 4699
357 359
3566 3570
3570 3580
3571 3587
3571 3575
3575 3580
3582 3587
359 4699
3594 3596
3594 3603
3597 3603
3605 3610
3610 3623
3611 3617
3618 3623
3621 3623
3624 3628
363 4699
3629 3633
3629 3639
3629 3641
3642 3656
3642 3648
3642 3652
3643 3648
3649 3656
3652 3656
3658 3726
3659 3672
3659 3664
3666 3672
3666 3671
3669 3676
3669 3678
3673 3678
3673 3684
3673 3681
3681 3684
3682 3693
369 4699
3696 3700
3696 3703
3696 3714
3716 3724
373 4699
3728 3740
3730 3740
3732 3740
379 4699
379 383
383 4699
385 389
3849 3856
3849 3860
3849 3852
3850 3852
3856 3860
3856 3862
3923 3933
3923 3926
394 400
3950 3969
3950 3958
3952 3957
3962 3967
3975 3991
3975 3985
3975 3989
3994 4010
3994 4010
400 403
4003 4010
4005 4010
4012 4016
4012 4019
4019 4022
4019 4021
4031 4034
4031 4036
4034 4036
4038 4042
4040 4042
4044 4046
4044 4054
405 410
405 417
4061 4064
4065 4067
4065 4070
4065 4074
4067 4069
4067 4070
4067 4074
4070 4074
4077 4082
4077 4087
4083 4087
4089 4096
4091 4095
4091 4096
4099 4105
4099 4101
4105 4110
4107 4110
411 417
4108 4110
4108 4110
4110 4113
4111 4125
4112 4114
4116 4118
4116 4125
4125 4127
4134 4136
4137 4142
4137 4144
4139 4142
4139 4144
4140 4142
4140 4144
4146 4152
4146 4154
4152 4154
4161 4163
4164 4169
4167 4169
418 420
4185 4188
4195 4198
4201 4212
4201 4204
4201 4210
421 431
4207 4212
4207 4210
4212 4227
4216 4223
4216 4227
4230 4234
4230 4234
4230 4237
4234 4237
4238 4250
4238 4253
4238 4241
4238 4245
43 47
4245 4251
4245 4253
4245 4250
4251 4253
4260 4264
43 51
4266 4286
4269 4286
4271 4291
4271 4286
4288 4314
4288 4291
4289 4291
4291 4296
4297 4314
432 440
432 434
4371 4395
4371 4397
4371 4400
4371 4374
4408 4419
4410 4420
4420 4428
4421 4428
4421 4433
4434 4447
4434 4444
4434 4453
4439 4447
4439 4441
4446 4453
4453 4466
4453 4457
4460 4466
447 455
4467 4478
4467 4469
4478 4485
4478 4491
4487 4491
4487 4493
450 460
450 453
450 455
4495 4497
4495 4501
4495 4503
4497 4501
4498 4501
4514 4524
4514 4522
4520 4522
4524 4527
4527 4531
4537 4541
4539 4541
4543 4553
455 460
4560 4568
4577 4588
4588 4593
4588 4609
4592 4640
4594 4596
4596 4609
4598 4609
4616 4627
4622 4627
4630 4635
4632 4634
4641 4656
4641 4668
4656 4668
467 469
467 471
4671 4685
4672 4679
4679 4685
469 471
469 473
4686 4689
47 50
47 67
4693 4703
4693 4706
4693 4698
4693 4703
4693 4695
4693 4700
4695 4703
4695 4699
4695 4703
4695 4698
4695 4700
4698 4703
4700 4703
471 475
4709 4712
4714 4719
4714 4723
4721 4727
4726 4741
4726 4752
4726 4755
4726 4734
4736 4751
4739 4755
4760 4802
477 480
478 480
4818 4833
4834 4841
4834 4844
4834 4836
4836 4844
4853 4870
4871 4889
4871 4879
4878 4889
4893 4903
4893 4897
4896 4900
4896 4905
4900 4905
491 495
491 500
4907 4924
4907 4933
4922 4924
4924 4933
4934 4938
4934 4939
4952 4954
4952 4955
4969 4978
4972 4983
501 504
504 508
504 509
504 511
506 508
512 514
513 515
513 516
513 517
515 523
519 523
524 527
525 527
539 543
539 545
539 541
543 545
549 553
549 555
551 553
553 555
553 559
555 559
555 560
564 571
564 567
569 571
572 574
572 577
572 579
574 585
575 579
577 585
577 579
580 585
583 591
583 588
585 588
585 591
592 624
592 596
592 617
592 607
624 628
625 649
626 628
634 638
634 641
639 641
643 646
646 649
660 665
668 670
668 671
670 1182
68 71
676 679
676 682
677 679
683 702
683 705
699 702
706 716
707 716
714 716
719 721
721 724
721 725
732 734
732 736
732 738
733 736
744 756
759 764
764 767
764 769
768 786
770 786
770 782
792 795
792 801
802 804
806 810
806 809
808 810
811 817
813 817
813 818
825 827
825 829
835 838
836 838
857 865
861 871
861 865
865 871
868 871
874 878
880 889
880 891
885 889
894 902
897 902
904 906
904 916
906 916
910 916
910 920
910 921
917 921
917 920
931 933
931 934
935 937
947 953
958 964
972 974
981 986
983 1017
1017 1034
1017 1022
1017 1024
1025 1034
1027 1034
1048 1050
1053 1056
1053 1064
1064 1074
1075 1078
1087 1089
1091 1100
1098 1100
1100 1106
1103 1106
1113 1115
1113 1142
112 117
112 120
1116 1141
1116 1144
1117 1142
1146 1171
1180 1183
1180 1205
1185 1204
1185 1205
1185 1209
1207 1209
1227 1239
1241 1247
1253 1258
1253 1265
1260 1265
127 129
127 130
1276 1279
1282 1293
1282 1295
1282 1288
1283 1295
1295 1303
1295 1306
1307 1309
131 135
1311 1324
1311 1314
1315 1324
1318 1324
1324 1335
1329 1339
1329 1335
1335 1344
1335 1339
1337 1339
1345 1353
1345 1360
1350 1360
1350 1353
1350 1354
1353 1360
1354 1360
1357 1365
136 143
136 146
136 155
1357 1360
136 140
1361 1365
138 143
1372 1404
1372 1377
1372 1379
1413 1420
1420 1431
143 155
1424 1431
1487 1490
1505 1514
1515 1522
1524 1526
1533 1553
155 168
155 157
155 160
1548 1552
1553 1572
1553 1560
1572 1583
1573 1582
1582 1587
1587 1594
1587 1597
162 168
1688 1692
1688 1699
1693 1702
1693 1705
1693 1699
1699 1702
1699 1705
1699 1709
1709 1715
1716 1730
1720 2915
1720 2914
1724 1730
173 175
173 176
173 179
1728 1730
1737 1795
1737 1740
1737 1745
1746 1752
1752 1769
1756 1769
1756 1769
1756 1771
1790 1797
1790 1799
1792 1797
1799 1805
1799 1802
1800 1805
1802 1810
1802 1805
1806 1810
182 184
1824 1829
1833 1848
184 186
1835 1848
1840 1848
1850 1862
1856 1862
1859 1862
1867 1870
187 191
187 192
187 193
1876 1887
1879 1882
1879 1887
1882 1886
1890 1897
1891 1899
1891 1906
1891 1897
1899 1906
1907 1911
1935 1947
194 196
194 199
1949 1971
1953 1971
197 199
1986 1999
199 210
1993 1999
1994 2004
