2009 2015
2009 2017
2012 2015
2012 2016
2035 2038
2044 2048
2044 2050
205 216
2045 2048
2045 2050
2046 2048
205 207
2048 2050
2053 2057
2064 2070
2072 2081
2072 2085
2076 2081
209 214
209 216
2090 2098
2120 2139
2149 2152
2153 2156
2158 2171
2160 2171
2162 2171
217 221
217 237
2166 2171
2172 2192
2174 2192
220 237
2195 2205
2195 2197
2197 2207
2197 2200
2197 2225
2197 2205
2202 2205
2202 2223
2202 2207
2207 2223
2207 2226
221 237
2224 2226
2230 2233
2230 2235
2236 2240
2237 2243
2240 2244
2242 2244
2242 2250
2242 2264
2244 2264
2250 2254
2250 2264
2264 2269
2264 2274
2274 2283
2276 2283
2278 2283
2285 2290
2289 2625
2305 2323
2305 2316
2305 2322
2316 2319
2327 2332
2334 2340
2335 2340
2336 2340
2346 2354
2346 2350
2347 2359
2354 2357
2354 2359
2357 2359
237 242
2362 2364
2362 2365
2385 2387
2388 2400
2391 2400
2401 2404
2408 2412
2408 2417
242 246
242 247
2423 2430
2424 2430
2431 2442
2431 2448
2442 2448
2451 2453
2451 2453
2454 2458
2455 2458
2460 2463
2460 2467
2464 2466
2464 2467
247 259
2479 2482
2479 2490
2486 2490
249 259
2491 2495
2491 2493
2491 2495
2493 2495
2497 2501
2497 2505
2506 2515
2516 2522
253 259
2527 2538
2527 2545
2527 2548
2532 2539
2532 2538
2558 2575
2559 2561
2559 2571
2561 2571
2561 2575
2562 2573
2564 2575
2564 2573
2564 2570
2564 2567
2567 2569
2571 2573
2576 2585
2580 2585
2580 2593
2585 2593
2585 2592
2596 2601
260 268
2602 2606
2602 2615
2607 2615
2616 2631
2619 2628
2619 2631
2633 2638
2635 2640
2635 2638
2636 2645
2643 2646
265 268
266 268
2660 2675
2661 2670
2661 2674
2676 2681
2679 2681
276 286
280 286
287 290
291 296
291 299
303 305
33 1426
337 342
337 351
337 342
340 342
35 37
35 41
35 44
346 351
349 351
349 351
353 361
356 361
356 361
361 363
363 376
38 41
38 44
372 376
38 49
382 392
382 399
386 392
387 392
387 399
392 396
392 399
400 408
403 408
404 413
409 413
42 44
414 444
414 431
45 49
444 447
448 457
454 457
47 49
50 59
52 59
521 524
521 525
527 532
527 534
527 544
536 544
545 547
545 551
555 572
555 588
555 575
555 584
605 607
608 619
623 644
629 638
629 640
631 640
634 640
642 644
647 657
653 664
660 668
660 662
664 668
668 678
668 672
668 675
668 676
678 688
678 680
678 688
681 688
684 688
686 688
688 691
693 699
693 709
70 72
699 709
701 706
701 704
713 717
713 730
713 724
713 726
717 726
727 731
732 736
732 734
741 777
760 777
78 82
807 825
830 851
830 867
85 91
85 101
85 92
856 867
872 878
879 882
883 892
887 899
887 892
892 896
892 899
894 899
900 903
900 908
903 908
908 916
908 916
93 109
929 932
94 101
936 956
939 944
958 963
960 963
968 1001
980 997
985 1788
990 1780
103 109
105 108
110 117
1115 1131
113 117
1128 1131
1133 1141
1138 1141
1143 1145
1143 1146
1143 1149
1147 1152
1147 1149
1149 1152
1149 1166
1160 1568
1167 1172
1167 1179
1172 1179
1175 1179
1177 1179
1179 1182
1179 1184
1182 1184
1187 1192
1187 1189
1192 1201
1201 1203
1201 1206
1201 1209
1203 1206
1203 1208
1203 1205
1203 1211
1205 1217
1206 1208
121 128
1211 1214
1212 1218
1225 1229
1232 1238
1232 1235
1234 1238
1234 1238
1240 1242
1244 1247
1244 1250
1250 1253
1254 1256
1254 1260
1265 1271
1265 1269
1273 1275
1273 1279
1276 1279
1280 1282
129 135
1287 1289
1303 1306
1304 1306
1310 1312
1310 1316
132 135
1314 1316
1324 1329
1324 1333
133 135
133 151
1327 1333
1327 1329
1330 1333
1337 1339
1341 1344
1349 1352
1356 1360
1361 1363
1378 1390
1391 1401
1407 1413
1414 1423
1417 1423
143 150
143 161
143 155
1435 1443
1441 1443
1444 1446
1446 1448
1449 1458
1451 1458
1453 1458
1458 1460
1458 1462
1462 1468
1474 1480
148 155
1484 1486
1493 1499
1493 1499
1495 1499
1495 1500
1498 1500
1500 1502
1503 1505
1511 1518
1513 1518
1513 1521
1519 1521
1531 1533
1539 1546
1550 1555
1559 1566
1563 1566
159 161
159 163
1589 1598
161 163
1628 1649
1628 1639
165 172
1653 1660
1653 1656
1654 1656
1661 1671
1671 1680
1671 1686
168 172
1686 1706
1690 1706
1712 1731
1716 1719
1716 1721
1724 1727
1724 1731
1733 1741
1734 1743
175 180
1742 1766
1749 1766
1757 1766
1760 1766
181 184
1854 1860
1854 1868
1860 1868
1860 1866
1874 1885
1879 1885
1882 1885
1886 1890
1888 1893
1897 1910
1897 1900
1898 1910
1898 1909
1898 1924
1912 1923
1915 1923
1920 1922
1924 1941
1924 1978
193 196
196 200
196 207
198 202
198 200
198 207
