2003 2008
2004 2008
2009 2014
2018 2023
2018 2042
2027 2042
2044 2049
2045 2049
2049 2060
2049 2052
2049 2056
2064 2068
2071 2076
2072 2074
2081 2083
2086 2088
2086 2089
2109 2111
2114 2117
2114 2120
2117 2119
2121 2130
2121 2123
2121 2127
2121 2124
2122 2125
2123 2127
2123 2132
2123 2135
2127 2132
2127 2135
2127 2140
2128 2130
416 422
417 424
418 422
422 424
424 427
424 429
430 432
456 461
456 458
456 459
458 463
458 461
458 467
459 463
461 463
465 467
472 474
476 481
476 479
479 481
482 489
489 492
490 492
495 499
497 499
497 499
499 504
505 513
506 513
585 594
585 614
585 601
601 619
601 614
601 610
623 628
640 655
648 655
651 655
651 659
651 661
651 654
655 661
655 659
661 686
661 696
664 686
687 692
687 694
687 696
703 718
707 709
707 718
711 718
713 718
713 724
716 718
718 724
728 731
728 737
731 742
731 737
737 742
741 749
755 767
768 787
768 790
784 790
792 798
793 909
800 842
909 913
909 915
943 1265
968 978
968 993
999 1006
1002 1020
1002 1026
1003 1005
1003 1007
1003 1012
1007 1012
1007 1020
1010 1012
1012 1021
1016 1020
1022 1025
1022 1027
1022 1025
1036 1045
1037 1045
1056 1059
1066 1071
1066 1076
1066 1069
1080 1097
1081 1093
1101 1105
1119 1137
1119 1139
1124 1137
1140 1154
1140 1151
1140 1156
1141 1151
1180 1190
1180 1191
1192 1199
1192 1201
1200 1214
1202 1214
1209 1214
1209 1216
1211 1214
1211 1221
1214 1216
1214 1221
1214 1238
1217 1221
1222 1230
1222 1235
1231 1235
1235 1247
1236 1239
1236 1246
1239 1244
1239 1247
1239 1252
1248 1252
1253 1275
1278 1285
1282 1285
1286 1296
1297 1303
1297 1299
1303 1305
1306 1308
1313 1329
1313 1331
1313 1326
1314 1318
1316 1318
1318 1329
1318 1331
1318 1326
1340 1352
1340 1357
1342 1352
1353 1356
1358 1364
1358 1361
1361 1363
1369 1386
1369 1375
1375 1384
1375 1386
1375 1386
1378 1386
1388 1392
1395 1399
1401 1404
1402 1404
1404 1410
1406 1410
1422 1424
1423 1426
1426 1429
1433 1445
1433 1438
1436 1445
1436 1438
1460 1468
1460 1469
1460 1479
1473 1479
1475 1479
1476 1479
1480 1482
1484 1486
1484 1491
1492 1495
1497 1500
1502 1506
1507 1512
1512 1519
1512 1520
1513 1516
1516 1520
1521 1523
1524 1538
1524 1529
1531 1537
1531 1538
1531 1543
1544 1546
1544 1551
1547 1556
1547 1551
1549 1551
1553 1556
1556 1561
1559 1561
1559 1564
1567 1582
1579 1587
1579 1581
1614 1627
1628 1639
1629 1639
1630 1633
1635 1639
1765 1768
1769 1773
1770 1778
1791 1798
1791 1805
1791 1808
1793 1805
1793 1808
1798 1805
1809 1814
1809 1818
1809 1814
1818 1824
1828 1833
1828 1836
1833 1836
1836 1838
1840 1889
1852 1863
1859 1863
1861 1865
1869 1873
1874 1882
1883 1888
1883 1890
1889 1893
1889 1915
1891 1893
1899 1901
1913 1916
1919 1930
1919 1921
1921 1930
1921 1935
1921 1925
1921 1923
1922 1925
1922 1924
1932 1935
1932 1938
1936 1938
1941 1945
1941 1947
2000 2002
