207 217
208 213
208 220
209 213
209 217
213 217
213 221
222 228
222 230
224 230
230 239
231 235
233 235
233 239
241 244
251 258
260 271
281 288
288 293
4 9
318 325
340 352
382 388
383 391
384 388
389 391
389 399
392 398
393 398
399 408
399 407
413 415
42 44
418 422
424 432
432 447
432 455
432 435
441 443
441 444
441 447
445 447
447 454
464 469
471 478
477 486
477 491
477 481
48 51
482 486
482 491
502 505
506 515
518 543
544 548
544 550
545 548
545 550
554 562
560 562
560 565
585 1765
586 1766
587 1761
595 601
620 638
625 638
630 635
630 638
635 638
688 696
75 79
77 79
9 15
934 940
938 964
938 940
940 964
940 944
942 964
942 944
944 964
966 974
968 972
968 974
975 988
989 1000
1002 1005
1003 1005
1003 1015
1006 1011
1009 1014
1009 1017
1038 1041
1045 1059
1045 1062
106 114
106 134
1062 1066
1062 1070
1062 1071
1072 1115
1111 1115
1111 1118
1115 1118
1116 1118
1120 1128
1133 1135
1140 1145
1143 1145
1147 1150
1147 1152
1150 1152
1153 1161
1159 1161
1162 1167
1168 1174
1168 1176
1168 1171
1171 1174
1178 1244
1246 1267
1268 1304
1329 1331
1329 1333
1329 1338
1329 1336
1333 1339
1341 1344
1341 1344
1352 1360
1352 1354
1355 1360
1357 1360
1359 1362
1361 1366
1366 1368
1372 1384
1375 1377
1378 1384
1379 1384
1384 1387
1389 1396
1395 1400
1397 1400
1409 1414
1429 1431
1429 1433
1437 1439
1444 1450
1454 1462
1487 1494
1487 1498
1495 1498
1505 1509
1505 1516
1506 1509
1511 1516
1514 1516
1517 1534
1517 1545
16 24
1527 1534
1546 1553
1555 1561
1564 1593
1564 1566
1564 1577
1571 1577
1575 1577
1575 1593
1612 1618
1622 1636
1625 1636
1629 1636
1629 1636
1634 1639
1634 1636
1639 1646
1646 1650
1646 1654
1646 1666
1646 1670
1678 1682
1680 1682
1680 1685
1687 1694
1691 1694
1691 1696
1694 1701
1694 1696
1696 1701
1710 1713
1718 1732
1718 1721
1723 1732
1728 1732
1732 1749
1732 1742
1732 1747
1749 1757
175 180
1752 1757
176 185
1753 1757
1757 1759
1757 1759
1771 1773
1777 1785
1777 1786
1778 1785
1778 1786
178 185
1781 1785
180 185
185 213
186 206
188 206
195 206
