2007 2024
2007 2018
2012 2018
2012 2024
2018 2024
2025 2036
2036 2049
2044 2049
2052 2063
2065 2070
2072 2076
2135 2144
2158 2167
2158 2177
2178 2191
2180 2192
2193 2216
2196 2216
2197 2216
2197 2223
2218 2222
2225 2230
2226 2228
2228 2232
2232 2238
2233 2262
2235 2238
2243 2262
2243 2266
2266 2271
2267 2270
2267 2271
2272 2282
396 406
399 503
399 501
400 501
412 415
416 422
416 430
416 429
422 429
422 430
426 431
431 436
431 442
434 442
438 442
445 468
445 458
468 478
468 472
471 499
481 489
482 489
484 489
486 489
490 496
492 496
504 507
504 511
523 533
529 533
536 542
536 546
552 558
552 559
555 561
555 557
560 569
560 571
561 564
569 572
575 585
578 585
578 588
594 599
602 606
602 614
607 610
607 614
615 619
615 628
619 621
626 628
633 635
637 647
637 640
641 647
650 658
653 658
664 670
664 683
676 683
676 686
683 686
683 715
691 694
691 715
694 715
716 726
732 738
740 747
740 752
740 753
748 753
749 752
753 779
786 789
793 804
795 804
797 804
806 826
807 826
811 826
813 826
821 825
822 825
834 836
845 854
850 853
871 888
890 901
893 901
902 910
902 911
913 918
919 922
922 926
924 926
924 938
926 935
928 938
942 946
949 964
949 967
950 964
975 984
975 987
978 984
979 987
980 984
982 984
984 987
998 1004
1000 1004
1005 1033
1006 1009
1012 1023
1012 1028
1012 1033
1012 1030
1014 1028
1014 1030
1014 1033
1015 1017
1028 1030
1034 1038
1034 1048
1041 1048
1048 1055
1052 1061
1056 1061
1059 1061
1064 1071
1065 1068
1165 1198
1165 1206
1200 1205
1200 1219
1200 1221
1206 1210
1206 1221
1215 1220
1225 1240
1254 1259
1325 1357
1403 1423
1403 1409
1414 1423
1468 1486
1469 1486
1487 1498
1487 1516
1489 1516
1489 1498
1519 1522
1526 1541
1526 1532
1529 1552
1530 1532
1530 1541
1530 1550
1552 1566
1558 1567
1559 1561
1559 1562
1562 1567
1564 1567
1568 1574
1575 1592
1601 1603
1606 1619
1606 1632
1608 1619
1635 1659
1710 1728
1841 1848
1857 1901
1902 1906
1907 1922
1917 1930
1917 1922
1924 1930
1926 1933
1934 1938
1934 1950
1956 1961
1962 2004
1971 1982
1971 1990
1971 1987
1982 1990
1982 1987
1997 2002
1997 1999
1999 2002
1999 2001
