2009 2018
2024 2037
2024 2032
2027 2031
2027 2030
2029 2031
2032 2037
2034 2037
2035 2039
2035 2040
2038 2047
2040 2045
2047 2053
2047 2077
2047 2065
2054 2065
206 214
2065 2077
2067 2071
2071 2077
2074 2077
209 214
209 214
2096 2103
2096 2109
2107 2109
2111 2114
2111 2116
2117 2136
2139 2153
2139 2145
2139 2153
2141 2145
2155 2158
216 223
2177 2195
2179 2195
2186 2195
219 223
2195 2207
220 222
2199 2207
2199 2207
2208 2214
2208 2221
2208 2215
2210 2214
2212 2214
2250 2257
226 229
226 232
227 232
227 229
2277 2289
229 232
229 237
2285 2289
233 237
233 236
2356 2359
2357 2362
2367 2383
2367 2389
2370 2389
2370 2383
2373 2383
2386 2391
2396 2402
2396 2408
2411 2416
2418 2429
2418 2422
2423 2429
2423 2439
2430 2440
2446 2474
2454 2472
2454 2457
2462 2472
2470 2472
2474 2481
2474 2482
2474 2484
2475 2481
2484 2495
2484 2496
2489 2510
2497 2509
2497 2499
2502 2509
2513 2516
252 254
2523 2537
2523 2529
2523 2534
2523 2535
2524 2526
2525 2529
2529 2534
2535 2537
2539 2548
255 271
255 258
2547 2557
2558 2567
2558 2612
2558 2575
2558 2564
2564 2575
2564 2582
2565 2567
2565 2572
2565 2575
2565 2612
2567 2572
2567 2575
2567 2577
2567 2612
2572 2577
2575 2594
2575 2598
2575 2612
259 271
2601 2614
2601 2612
2607 2614
2607 2611
2617 2621
2623 2634
2625 2634
2641 2658
2642 2657
2642 2664
2646 2658
2646 2657
265 271
2662 2664
2665 2670
2670 2674
2678 2690
2678 2685
2685 2690
2691 2699
2691 2695
2691 2712
2691 2717
2692 2698
2692 2706
2702 2714
2702 2706
2712 2714
2715 2718
2715 2717
272 295
2730 2755
2742 2755
2784 2794
2795 2808
2796 2799
2796 2808
2801 2808
2809 2813
2809 2829
2815 2829
2830 2833
2831 2849
2834 2844
2834 2848
2837 2842
2837 2848
2837 2844
2842 2844
2843 2849
2844 2848
2851 2872
2878 2883
2879 2883
2885 2887
2902 2904
2904 2906
2915 2921
333 340
333 341
34 40
343 356
344 352
344 356
349 356
350 352
352 355
352 356
356 362
356 369
362 371
362 369
362 374
362 375
37 40
376 383
376 400
393 400
395 400
402 405
406 436
418 422
418 436
436 439
436 440
436 443
45 48
446 456
446 449
447 452
450 456
451 456
459 466
460 462
467 471
467 482
475 482
483 485
488 497
50 54
501 519
501 507
508 519
510 519
519 524
525 529
525 531
529 542
529 531
531 542
544 546
544 550
544 553
547 550
555 557
559 570
559 564
559 566
565 570
568 570
570 573
580 584
584 601
584 592
584 598
584 599
585 588
586 588
588 592
602 610
602 609
602 605
611 614
611 620
611 621
616 621
616 620
623 660
623 642
63 98
649 660
701 721
735 741
735 752
745 752
753 756
755 759
755 773
756 765
760 772
761 772
761 765
766 772
775 777
785 788
796 802
798 802
803 817
826 828
828 830
828 834
832 845
832 834
832 841
838 841
838 845
841 844
841 845
841 843
846 851
846 854
851 854
851 859
860 863
860 872
94 98
982 997
985 997
998 1003
998 1049
1052 1055
1052 1059
1056 1059
1061 1069
1061 1067
1070 1078
1074 1078
1078 1095
1078 1102
1091 1095
1097 1099
1102 1107
1110 1113
1140 1144
1158 1161
1158 1166
1163 1166
1167 1187
1170 1187
1179 1187
1188 1193
1193 1217
1195 1217
1220 1227
1227 1239
1227 1231
1232 1239
1232 1241
1239 1241
1242 1248
1242 1250
1244 1250
1244 1248
126 129
126 133
129 133
1287 1304
1287 1306
1291 1304
1307 1330
1310 1322
1310 1326
1310 1313
1310 1317
1310 1330
1310 1316
1314 1316
133 228
1334 1339
1334 1347
1335 1338
1335 1339
1335 1341
1340 1347
1340 1342
1348 1369
1348 1351
1353 1369
1366 1369
1375 1379
1375 1386
1390 1411
1412 1418
1412 1420
1412 1429
1418 1429
1418 1420
1422 1429
1422 1432
1435 1455
1455 1458
1455 1462
1455 1464
1456 1485
1459 1462
1465 1479
1465 1482
1479 1482
1485 1498
1485 1506
1485 1492
1492 1506
1501 1506
1506 1516
1530 1533
1546 1567
1571 1583
1589 1591
1593 1597
1593 1595
1612 1614
1612 1619
1612 1623
1614 1619
1620 1623
1620 1629
163 177
163 171
163 172
1624 1632
1629 1632
1629 1638
1631 1644
1631 1638
1632 1639
1639 1643
1644 1651
1644 1652
1644 1649
1654 1656
1711 1719
173 177
1722 1725
173 181
1725 1740
1728 1741
1728 1740
1728 1748
1742 1748
1743 1748
178 184
178 194
179 181
1802 1813
1806 1813
1806 1814
1815 1825
1815 1832
1815 1818
1815 1821
1818 1820
1821 1832
1821 1840
1821 1830
1821 1834
1831 1840
1834 1842
185 194
1895 1900
1897 1900
1901 1908
1902 1906
1902 1908
1902 1912
1917 1919
1917 1921
1917 1926
1922 1926
1927 1936
1927 1944
1939 1944
1947 1972
1966 1972
1975 1982
199 203
199 204
1984 1990
1988 1990
1992 2023
1992 2008
2000 2008
