2024 2031
2024 2037
2030 2037
2032 2037
2033 2037
2037 2044
2037 2041
630 636
631 633
668 680
672 680
688 691
708 715
717 748
736 748
738 748
744 748
766 780
766 773
776 780
778 780
781 798
781 801
789 798
798 801
802 804
802 807
802 812
807 810
807 812
813 815
824 830
861 865
861 865
884 888
891 893
900 902
910 914
912 914
915 919
956 966
961 966
973 1009
974 979
974 982
984 1009
984 989
1013 1024
1020 1024
1030 1034
1032 1034
1039 1042
1046 1049
1052 1061
1053 1061
1092 1098
1111 1115
1117 1119
1119 1122
1131 1135
1143 1152
1143 1151
1143 1157
1145 1152
1147 1152
1149 1152
1149 1157
1153 1157
1158 1164
1161 1170
1161 1164
1164 1170
1167 1170
1171 1197
1186 1196
1189 1196
1191 1195
1201 1213
1205 1210
1217 1243
1218 1225
1230 1243
1244 1248
1262 1268
1267 1274
1272 1274
1276 1278
1276 1288
1278 1288
1281 1284
1281 1288
1301 1303
1301 1304
1319 1323
1333 1336
1338 1343
1339 1342
1345 1363
1345 1352
1345 1355
1356 1363
1364 1370
1364 1367
1371 1374
1373 1377
1378 1380
1378 1384
1381 1384
1382 1384
1388 1394
1388 1392
1396 1416
1423 1435
1429 1435
1435 1439
1435 1442
1435 1449
1435 1441
1441 1449
1461 1471
1461 1468
1462 1468
1471 1480
1473 1480
1478 1480
1486 1497
1489 1493
1494 1496
1494 1499
1494 1502
1494 1497
1499 1505
1499 1502
1502 1504
1502 1505
1507 1510
1511 1513
1523 1529
1530 1550
1547 1557
1549 1556
1549 1557
1550 1556
1550 1557
1566 1569
1566 1570
1566 1571
1569 1571
1569 1575
1572 1575
1579 1581
1585 1590
1587 1590
1594 1610
1594 1598
1594 1603
1602 1610
1602 1606
1615 1622
1615 1626
1618 1626
1620 1626
1626 1632
1628 1632
1629 1632
1632 1634
1632 1647
1636 1645
1710 1712
1718 1725
1718 1720
1724 1728
1726 1728
1728 1781
1728 1776
1781 1784
1781 1788
1784 1825
1789 1795
1790 1792
1793 1795
1806 1813
1807 1809
1807 1813
1809 1813
1815 1817
1818 1829
1818 1825
1824 1829
1832 1836
1832 1837
1837 1853
1846 1853
1849 1853
1853 1866
1853 1856
1853 1859
1862 1866
1864 1866
1865 1870
1867 1872
1867 1870
1872 1894
1895 1898
1896 1898
1917 1938
1978 1980
1980 1993
1980 1985
1982 1985
1982 1993
1982 1988
1984 1988
1985 1993
1987 1993
1993 1996
1997 2005
