2001 2007
2010 2015
2010 2017
2010 2018
204 211
204 253
204 209
2035 2039
2042 2054
2068 2079
2068 2071
2068 2081
2071 2079
2071 2081
2083 2095
2100 2116
212 253
212 229
2118 2128
2122 2128
2129 2132
2144 2149
2146 2149
2174 2177
2179 2190
2193 2207
2196 2207
2207 2229
2207 2219
2208 2215
2219 2229
2219 2225
2220 2223
2223 2229
2225 2229
2226 2229
2232 2238
2232 2252
23 27
2252 2258
2252 2260
2256 2260
2258 2260
2261 2264
2261 2269
2265 2274
2265 2269
2265 2271
2272 2274
2272 2278
2274 2278
2287 2307
2287 2312
2287 2300
2290 2294
2295 2300
2298 2307
2307 2312
24 26
2321 2336
2380 2383
2380 2384
2394 2397
2399 2405
2399 2411
2400 2405
2405 2420
2405 2411
2410 2420
2411 2420
2422 2441
2446 2452
2449 2453
2457 2459
2457 2470
2465 2470
2471 2473
2471 2477
2474 2477
25 27
2481 2492
2481 2501
2487 2492
2494 2501
2494 2504
2506 2525
2525 2534
2525 2547
2525 2567
2525 2569
255 272
258 272
2571 2574
2580 2601
2583 2596
2588 2595
2588 2596
2590 2596
2590 2595
2595 2601
2606 2612
2726 2756
274 301
2761 2793
2775 2793
2780 2793
2800 2810
2801 2810
2803 2805
2807 2810
2812 2824
2819 2824
2826 2836
2826 2831
2826 2829
2831 2836
2836 2841
2842 2876
2862 2876
2862 2889
2866 2873
2866 2876
2883 2889
2902 2915
2902 2920
2922 2931
2924 2930
2924 2931
2944 2946
2944 2961
2944 2957
2946 2957
2946 2961
2959 2961
2962 2971
2969 2971
2969 2976
2973 2976
301 314
3006 3017
3019 3023
3019 3036
3025 3036
305 308
305 310
305 314
3069 3072
3069 3074
3072 3074
3076 3081
3082 3092
3082 3085
3086 3094
3086 3088
3086 3090
3110 3126
3115 3126
3119 3126
3128 3135
3130 3135
3135 3138
3142 3152
315 320
317 320
317 321
3163 3179
318 320
318 321
3179 3182
3184 3191
3184 3196
3193 3203
3194 3196
3194 3208
3196 3203
3196 3208
3203 3208
321 330
321 326
3244 3258
326 350
326 347
326 329
3269 3280
3269 3290
3269 3286
3281 3286
3289 3292
3289 3294
3290 3293
3290 3294
3290 3299
3290 3314
3314 3321
3315 3319
3315 3317
3322 3328
3330 3341
3342 3365
3342 3371
3342 3351
3359 3371
3359 3365
3359 3380
3383 3397
339 347
3389 3397
3391 3397
3397 3409
3397 3399
3399 3409
3411 3420
3415 3420
3422 3424
3424 3436
3424 3426
3431 3436
3439 3452
3456 3476
3479 3487
3479 3489
3479 3484
35 37
3485 3489
3485 3487
35 39
3503 3505
3506 3511
3506 3513
352 357
352 368
352 372
353 372
3538 3546
3540 3546
3543 3545
3546 3560
3560 3566
357 361
357 368
357 372
3570 3605
3616 3620
3616 3632
3642 3650
3645 3649
3669 3675
3669 3677
3675 3677
3678 3684
3678 3680
3680 3684
3688 3691
3688 3701
3704 3712
3705 3708
3705 3710
3705 3714
3714 3719
3720 3722
3728 3731
3732 3739
374 414
3740 3742
3745 3751
409 414
416 430
416 436
431 436
436 448
436 454
45 49
449 454
449 453
459 489
463 489
490 494
500 503
500 508
504 508
509 516
522 529
522 524
522 527
527 529
530 541
532 541
538 540
7 14
67 69
677 3813
728 748
729 748
750 752
753 756
753 761
757 761
762 767
762 774
762 764
762 775
764 774
764 775
767 781
767 774
776 778
776 783
776 781
779 789
779 783
790 800
795 800
802 807
804 807
805 807
805 853
812 815
815 817
815 818
819 825
820 825
826 834
826 838
834 838
840 846
846 851
852 856
852 858
863 870
863 893
896 926
90 100
90 117
90 98
90 96
939 941
954 959
964 966
969 980
972 980
100 117
1056 1058
1065 1103
1065 1071
1065 1077
1069 1077
109 117
1082 1094
1082 1102
1092 1102
1092 1094
1096 1102
1104 1107
1125 1129
1126 1133
1126 1135
1137 1144
1166 1222
120 127
1203 1222
123 127
126 131
1301 1309
135 142
135 138
136 138
1359 1364
1369 1376
1369 1381
1378 1381
139 142
1383 1385
1396 1401
140 142
1403 1405
1412 1421
1412 1415
1416 1421
1424 1428
1435 1438
1443 1452
1468 1478
1472 1478
1485 1491
1489 1491
1490 1493
1491 1500
1502 1504
1504 1512
1516 1525
1518 1525
1531 1536
1537 1540
1543 1546
1548 1554
1549 1554
1549 1560
1560 1562
1561 1563
157 160
1564 1566
1567 1571
1578 1596
1591 1596
1598 1623
1598 1610
1624 1636
1626 1646
1626 1640
1640 1646
1647 1656
1647 1663
1648 1656
1648 1663
165 169
1666 1679
1668 1674
1677 1679
1677 1685
1680 1685
1681 1684
1689 1692
1692 1709
170 172
1714 1718
1722 1726
1722 1734
173 179
1727 1734
1734 1738
1749 1757
1757 1764
1757 1761
1762 1764
1766 1776
1766 1768
1773 1776
1776 1789
1776 1783
1780 1783
1780 1789
1783 1789
1786 1789
1789 1792
1789 1799
1790 1795
1795 1799
1795 1801
1804 1808
1818 1825
1895 1902
1895 1907
1905 1907
191 194
1907 1911
1911 1921
195 201
196 211
196 201
1984 1998
1988 2000
