2014 2017
2014 2022
2017 2022
204 224
204 206
204 212
2044 2049
2050 2055
2063 2068
2115 2121
2115 2118
2139 2141
2150 2156
2157 2173
2159 2173
2175 2178
2175 2183
2180 2188
2180 2183
2184 2188
2189 2194
2189 2202
2194 2210
2194 2202
2205 2210
224 231
224 236
2239 2242
228 236
2292 2302
2292 2298
2303 2307
2307 2348
232 236
232 239
232 256
232 235
2352 2355
2355 2359
2360 2363
237 239
2374 2378
2374 2379
2374 2381
2391 2393
2393 2398
2399 2415
2409 2415
2447 2452
2471 2486
255 259
257 270
257 259
2575 2584
2575 2587
2582 2584
2585 2587
2590 2601
260 263
260 266
260 271
2594 2601
260 281
2603 2616
261 263
2620 2628
2620 2636
263 266
263 271
2625 2636
2628 2636
2629 2636
2643 2657
2643 2657
266 271
2659 2662
2659 2671
2674 2678
2703 2716
271 276
271 274
271 282
2714 2716
2716 2721
2721 2726
2721 2723
274 276
274 282
2745 2757
2746 2757
276 281
2758 2773
2758 2782
2773 2781
279 282
282 304
282 291
283 291
2943 2968
2943 2972
2999 3004
2999 3006
2999 3003
3002 3004
3007 3018
3043 3056
3043 3065
3043 3059
3057 3059
3061 3065
3064 3073
308 310
308 312
3083 3088
3085 3088
32 51
316 330
316 320
32 35
32 36
337 342
346 355
346 353
352 355
36 51
36 55
369 388
369 379
369 381
374 388
378 398
382 388
399 402
406 410
411 436
411 430
441 456
441 445
475 479
476 479
480 484
483 486
488 504
489 491
496 504
498 504
52 55
534 545
537 545
59 71
604 611
612 614
612 615
616 634
622 627
622 634
625 629
625 634
670 687
752 754
753 761
756 761
773 783
773 777
773 781
781 783
794 801
809 811
811 824
811 820
811 814
815 820
815 819
819 824
821 823
829 833
833 873
834 869
834 843
865 869
877 882
877 901
908 915
925 934
929 934
931 934
942 948
942 951
942 958
942 1136
949 951
954 958
963 1053
994 1007
994 997
1028 1041
1041 1136
1058 1114
1067 1070
1067 1071
1075 1077
1094 1104
112 140
1114 1119
1115 1119
1115 1136
1127 1135
1132 1141
1136 1150
1137 1508
1137 1141
1153 1159
1157 1159
1157 1162
119 141
119 158
1297 1305
1297 1313
1297 1319
1297 1299
134 141
1349 1359
1355 1359
1360 1371
1361 1373
1361 1369
1361 1371
1376 1386
1394 1398
1400 1408
1425 1427
1425 1427
144 158
1462 1472
1462 1465
1462 1468
1465 1468
1473 1476
1477 1483
1481 1483
1485 1497
1511 1514
1544 1546
1544 1548
1557 1567
1557 1571
1557 1574
1565 1571
1567 1575
1567 1571
1569 1571
1569 1571
160 175
1602 1610
1602 1608
1603 1613
1603 1610
1688 1697
175 194
176 194
179 194
1863 1887
187 189
197 202
197 200
200 202
1996 2001
1999 2001
2301 2618
2619 3076
942 1136
1137 1508
2619 2757
2619 3064
33 261
2471 2619
2619 2797
33 141
2376 2618
795 932
2619 3018
1137 1462
33 236
1508 2618
1508 2301
1137 1387
1137 1408
33 200
1137 2618
592 932
1137 2301
2301 3076
942 1462
33 275
1462 2618
