212 224
213 245
216 224
218 221
218 224
218 231
220 223
227 231
235 241
239 241
242 245
248 259
248 254
255 259
255 264
255 258
272 275
272 277
277 282
32 51
376 381
376 391
382 391
390 403
408 412
408 420
415 419
415 420
415 417
417 419
43 52
422 424
425 434
425 428
431 434
439 442
439 447
442 447
47 52
470 475
478 485
480 485
488 492
488 504
492 504
499 504
504 516
550 558
577 582
583 589
583 587
59 62
59 65
60 70
595 603
60 65
606 611
617 627
635 639
635 648
652 655
652 657
653 659
66 70
66 72
66 74
66 102
657 659
660 664
662 664
667 671
667 678
672 678
674 678
674 684
70 72
700 702
72 74
724 731
771 790
798 824
798 818
804 818
83 102
825 860
844 856
846 856
850 856
854 856
865 874
866 872
875 882
875 885
878 885
878 882
893 895
893 906
895 906
903 906
907 911
912 920
921 924
925 935
925 936
925 948
925 939
927 935
941 948
942 948
955 958
967 972
973 997
983 1009
983 1004
984 997
1023 1034
1025 1034
1029 1033
1047 1054
1061 1085
1062 1085
1089 1105
1089 1103
1091 1105
1091 1103
1095 1103
1095 1111
1106 1111
1111 1116
1117 1129
1124 1135
1124 1129
1125 1127
1130 1135
1137 1141
1139 1142
1140 1142
1141 1150
1143 1150
1154 1162
1154 1165
1156 1165
118 131
118 130
1176 1184
118 125
1180 1184
1185 1196
1187 1196
1192 1196
1202 1205
1202 1213
1208 1213
1208 1222
1214 1220
1217 1220
1224 1227
1224 1231
1230 1233
13 17
1296 1298
1298 1327
1298 1329
131 138
1328 1358
1331 1356
1347 1356
1358 1360
1358 1363
1409 1431
1409 1417
1438 1441
1438 1444
1438 1445
1441 1444
1441 1445
1444 1459
1459 1482
15 17
1483 1489
1485 1497
1491 1494
1491 1497
1495 1504
1495 1499
1495 1497
1495 1508
1533 1541
1543 1546
1543 1549
1549 1555
160 173
18 34
18 45
174 180
174 180
180 184
182 187
182 191
200 211
200 224
