205 211
211 215
24 31
24 29
239 259
242 259
242 252
244 252
244 259
247 259
26 29
270 285
270 297
304 309
312 373
315 411
315 319
33 35
33 39
326 329
339 345
346 351
349 351
352 356
352 359
355 359
356 359
386 388
389 394
40 46
40 43
398 401
398 405
401 405
403 405
419 421
419 424
421 429
421 424
424 429
424 428
426 507
427 507
427 507
512 519
512 514
514 519
520 525
520 522
6 13
522 525
523 525
528 534
534 546
546 549
55 59
550 553
554 558
560 563
563 566
563 567
563 569
569 574
569 581
570 572
574 581
577 581
580 608
587 591
59 72
60 63
596 598
596 604
598 604
607 610
616 622
617 622
617 619
623 625
643 650
646 650
651 654
655 660
655 669
658 669
667 669
670 682
670 678
673 678
673 682
679 682
700 715
700 709
700 712
72 75
718 724
722 724
73 75
731 733
732 737
733 737
735 737
743 747
755 759
756 759
759 761
761 763
77 79
770 774
771 774
776 797
776 780
782 797
795 797
798 800
803 806
804 806
810 812
810 814
812 814
815 819
815 822
83 87
830 836
830 832
834 836
834 837
841 843
841 845
846 849
850 853
86 103
858 865
860 864
860 866
860 863
866 870
87 91
868 870
870 879
871 879
875 879
882 886
90 96
907 914
916 918
919 922
93 96
923 925
923 934
927 934
929 934
929 931
932 934
936 940
937 940
938 943
938 940
940 943
948 950
948 953
950 953
950 956
953 956
953 958
953 959
953 962
956 962
959 962
966 968
973 976
973 979
973 981
98 100
978 981
979 981
979 981
982 985
988 993
998 1004
100 102
999 1004
1062 1069
1062 1068
1062 1072
1070 1072
1073 1076
1073 1077
1094 1096
110 127
1098 1101
110 113
1105 1117
1107 1117
1107 1115
1109 1111
1119 1122
1119 1124
1128 1131
1128 1130
1132 1142
1134 1142
1136 1142
1148 1151
1157 1159
1170 1175
1176 1190
1182 1190
1190 1199
1190 1193
1195 1199
1195 1204
1216 1221
1224 1230
1230 1232
1231 1234
1240 1243
1240 1245
1243 1245
1243 1248
1245 1247
1248 1250
1250 1253
1256 1260
1260 1264
1260 1264
1266 1284
1266 1271
1286 1292
1286 1293
1286 1299
1295 1299
1295 1302
1295 1306
1308 1313
1308 1314
1308 1310
132 139
1326 1330
1331 1345
1336 1345
1336 1340
1347 1351
1352 1372
1352 1363
137 139
137 141
1373 1411
1376 1411
139 145
1390 1403
1390 1411
15 18
1401 1403
1401 1409
1401 1411
1403 1411
1409 1411
1412 1415
1412 1424
1415 1424
1415 1428
1415 1424
1426 1428
1429 1440
1429 1435
1429 1444
1445 1449
1448 1450
1455 1458
1456 1458
1460 1469
1469 1472
1469 1471
1473 1475
1476 1486
1479 1481
1481 1486
1483 1486
1486 1488
1487 1491
1489 1491
1491 1493
1491 1494
1494 1519
1498 1505
1498 1502
1502 1505
1507 1510
1511 1521
1516 1521
1523 1536
1526 1529
153 158
1530 1540
1538 1540
1542 1548
1544 1548
155 159
156 158
1556 1559
157 159
1569 1571
1569 1580
1569 1582
1577 1579
1580 1582
1585 1589
1594 1596
1600 1603
161 165
161 163
1607 1611
1615 1618
167 174
167 179
174 176
179 189
197 211
198 203
