201 203
201 210
201 208
205 207
208 210
214 216
214 217
217 220
221 223
23 25
229 232
239 246
241 246
242 246
244 246
26 42
254 256
26 28
258 260
260 262
262 265
268 271
268 275
268 280
275 284
275 277
275 280
278 280
280 284
280 290
280 292
287 290
287 292
291 298
294 301
294 296
306 314
31 36
311 314
315 326
316 318
324 326
328 330
344 348
360 363
362 364
368 371
369 371
372 376
384 386
390 393
393 398
393 396
393 402
396 425
44 53
443 463
450 460
46 53
472 480
478 1175
482 484
50 52
50 53
53 58
53 55
570 585
570 577
580 584
60 63
60 64
595 602
605 608
605 623
607 623
615 623
62 64
624 662
624 655
657 662
657 662
67 69
67 70
675 686
675 679
679 686
686 692
686 705
700 705
703 705
71 75
71 73
716 720
717 720
725 729
726 729
74 85
768 777
768 775
769 771
775 777
778 783
781 783
781 788
793 797
793 801
795 797
80 85
799 807
799 801
801 807
801 804
804 807
813 815
817 823
821 823
824 829
824 834
824 836
824 827
827 833
835 837
839 842
848 850
853 857
853 856
86 88
879 887
898 900
916 920
919 923
921 923
931 936
932 934
932 936
936 940
941 944
954 956
956 958
959 965
97 99
97 101
98 101
978 982
983 987
986 990
992 995
998 1002
1000 1004
1002 1004
1008 1017
102 112
1011 1033
1018 1026
1018 1020
1021 1029
1021 1026
1029 1032
1034 1036
1037 1039
1040 1044
1053 1055
1074 1095
1100 1109
1101 1103
1114 1119
1114 1123
1121 1123
1132 1134
1132 1137
117 121
131 133
131 135
131 138
133 138
135 138
153 158
16 19
16 18
16 20
155 158
18 20
185 199
187 199
189 198
191 199
194 199
195 199
196 198
