2001 2004
201 209
2007 2011
2012 2023
2012 2019
2019 2023
206 209
210 217
2100 2105
211 217
2103 2105
2105 2111
2111 2118
2111 2131
2119 2134
2119 2122
2119 2131
2131 2134
2131 2140
2136 2141
2136 2147
2138 2147
2138 2141
2141 2147
2160 2164
2161 2168
2166 2168
2166 2177
2169 2177
2169 2177
2172 2177
2178 2183
2178 2184
2178 2188
2178 2185
2185 2188
2191 2195
220 222
220 230
220 232
2196 2237
2196 2211
2197 2215
2197 2208
2201 2208
2201 2215
2208 2215
2210 2215
2218 2226
2221 2225
2221 2226
2227 2231
2227 2248
2228 2231
223 230
223 232
2232 2236
2241 2250
2241 2247
2241 2248
2251 2253
2262 2285
2273 2284
2280 2283
2280 2284
2302 2325
232 258
232 253
2327 2329
234 253
235 237
2354 2358
2354 2364
2356 2358
2356 2364
2357 2359
2366 2378
237 241
2373 2378
2373 2379
2373 2383
2378 2389
2378 2382
2390 2394
2390 2406
241 253
2428 2448
2428 2433
244 253
2436 2444
2455 2457
246 253
2462 2473
2462 2464
2464 2473
2475 2481
2504 2509
2513 2522
2513 2526
2517 2522
2523 2526
2527 2549
2543 2549
2553 2555
2556 2558
2562 2581
2562 2573
2564 2573
259 267
2597 2599
2597 2602
2599 2602
2599 2607
2605 2607
2613 2621
2613 2624
2625 2629
2625 2638
2631 2638
2645 2657
2645 2651
2652 2657
2653 2657
2660 2662
2664 2666
2666 2677
2685 2688
2690 2716
2690 2700
2690 2703
2690 2706
2710 2716
2716 2732
2718 2731
2718 2725
2720 2725
2740 2743
2746 2760
2749 2753
2749 2760
2749 2751
2750 2760
2752 2760
276 282
2761 2769
2761 2764
2761 2766
2763 2766
2764 2766
2766 2888
2767 2769
2769 2782
2769 2773
2769 2776
2769 2777
2776 2779
2776 2782
2779 2782
2779 2794
279 282
279 283
2783 2787
2783 2789
2783 2794
2789 2794
2791 2794
2794 2838
2794 2825
2840 2849
285 295
285 305
285 308
285 310
2850 2855
2861 2868
2878 2889
2878 2891
2878 2886
2878 2887
2886 2889
2886 2891
2889 2891
2889 2897
2891 2897
2899 2906
2899 2911
2899 2920
2926 2941
2944 2953
2970 2976
2978 2996
2978 2986
2980 2982
2988 2996
2988 2997
2989 2996
3004 3007
3006 3023
3008 3023
3009 3014
3009 3015
3015 3022
3015 3023
3025 3033
3027 3033
3041 3052
3041 3049
3042 3054
3042 3052
306 308
3064 3066
3064 3067
3068 3073
3090 3092
3100 3112
3100 3103
3100 3110
3106 3110
3106 3112
3110 3112
3113 3125
3114 3118
3138 3142
314 324
3141 3158
3155 3162
3158 3160
3158 3164
3160 3164
3164 3166
3164 3166
3173 3188
3173 3179
3173 3181
3173 3183
319 323
32 48
32 53
32 56
3183 3188
3185 3188
3189 3191
3192 3202
33 43
33 44
3206 3218
3206 3208
3212 3218
3219 3236
3224 3236
3228 3236
3237 3243
327 331
327 336
327 340
3277 3288
329 336
329 332
331 336
331 340
3318 3326
3323 3326
3326 3331
3334 3337
3344 3355
3344 3352
3353 3356
344 352
344 357
352 357
355 364
367 371
381 402
402 411
406 411
408 411
412 432
412 485
418 432
432 439
45 48
5 8
482 485
482 486
486 491
486 494
491 494
492 494
492 496
498 500
498 501
506 510
516 521
521 543
521 556
521 558
524 532
524 543
524 556
526 543
527 554
527 532
533 542
543 558
543 556
543 549
550 558
553 558
556 558
56 59
558 567
563 567
57 62
574 580
574 592
577 580
597 603
597 600
598 600
60 66
605 608
610 614
612 614
613 622
617 621
618 621
623 627
624 627
63 66
625 627
63 75
630 632
631 633
633 637
648 656
648 654
648 657
649 654
66 81
66 75
657 660
660 665
668 671
672 674
675 683
675 680
681 683
685 688
689 703
700 703
706 715
706 709
707 709
710 715
712 715
720 722
720 727
720 724
722 724
722 727
732 735
735 744
741 743
75 80
75 84
750 754
751 754
756 770
761 770
777 786
780 786
783 786
787 806
787 798
799 806
81 96
820 826
822 826
827 832
828 832
829 832
832 835
834 885
836 841
837 841
839 841
841 843
853 857
855 857
855 868
858 863
865 868
865 870
873 875
873 881
874 881
875 880
875 881
883 887
885 887
889 918
893 914
893 918
921 932
922 928
924 928
924 932
928 932
937 941
942 946
948 955
952 954
952 955
956 975
956 988
991 997
992 997
1002 1016
1002 1012
1016 1038
1016 1037
1016 1025
1016 1029
103 107
103 109
1035 1037
1041 1043
1041 1046
1044 1051
1044 1046
1044 1048
1044 1046
1046 1048
1046 1049
1046 1051
1046 1059
1055 1059
1061 1071
1061 1066
1061 1067
1068 1071
1068 1072
1077 1083
1077 1099
1077 1103
1092 1099
110 131
1117 1124
1125 1135
1125 1130
1131 1135
1132 1135
1133 1135
1136 1138
1136 1144
12 16
12 28
122 131
1276 1280
1282 1287
1282 1290
1287 1290
1293 1301
1295 1301
134 145
1411 1417
1419 1422
1425 1428
1429 1434
1429 1432
1438 1442
1442 1456
1442 1445
1445 1456
146 153
1463 1477
1463 1478
1463 1481
1467 1477
1467 1470
1489 1519
1492 1519
1494 1519
1497 1519
1503 1519
1520 1525
1521 1525
1522 1525
1533 1564
155 160
155 162
155 165
16 28
1596 1605
1614 1617
163 165
1660 1676
1660 1666
1676 1683
1676 1685
1679 1685
1687 1699
1692 1721
1693 1699
1703 1721
1703 1717
1722 1724
1733 1738
1757 1763
1763 1792
1769 1771
1771 1773
1771 1792
1773 1790
1773 1792
1773 1778
1773 1779
1778 1792
1794 1807
180 209
1797 1799
1802 1807
1803 1807
1811 1820
1813 1824
1814 1823
1817 1820
1817 1824
1820 1824
185 209
1871 1883
191 209
1921 1940
1940 1951
1942 1947
1942 1950
1947 1951
1951 1957
1953 1957
1959 1986
1996 2004
1996 1998
1999 2004
