2002 2004
2007 2009
2010 2015
2016 2019
2024 2041
2024 2039
2025 2039
2039 2041
2039 2042
2048 2055
2059 2061
21 25
2065 2077
2065 2092
2078 2092
2078 2090
2080 2092
2086 2092
2092 2094
2108 2114
2109 2117
2114 2116
2117 2128
2117 2121
2117 2123
2119 2122
2124 2136
2124 2126
2124 2128
2129 2136
2129 2148
2132 2136
2137 2148
2142 2148
2143 2151
2157 2163
2165 2228
2215 2223
2215 2228
2228 2243
2228 2241
2237 2242
2244 2262
2244 2251
2244 2267
226 228
2291 2298
2317 2324
2317 2330
2319 2325
2319 2330
2325 2329
2325 2330
2332 2336
2333 2336
2338 2341
2341 2348
2342 2348
2348 2356
2358 2365
2379 2408
2392 2399
2392 2404
2392 2408
2399 2404
2399 2408
2401 2410
2409 2412
2409 2415
2410 2424
2413 2415
2416 2424
2421 2433
2421 2424
243 248
2428 2433
2435 2444
2438 2444
2467 2471
2477 2489
2495 2507
252 254
252 267
26 30
2548 2557
2563 3038
2565 2571
2571 2575
2575 2577
2578 2583
2580 2590
2581 2583
2587 2594
2587 2590
2590 2594
2595 2609
2595 2611
2612 2623
2612 2615
2617 2619
2625 2627
2628 2635
2628 2646
2641 2646
267 290
267 295
2683 2686
2684 2686
2687 2693
2687 2698
2694 2698
2700 2707
2708 2714
2710 2714
2746 2754
2747 2752
2747 2754
2752 2769
2752 2754
2757 2769
2763 2769
2772 2776
2784 2795
2787 2795
2790 2795
2805 2808
2808 2815
2811 2815
2811 2819
2815 2825
2815 2829
2826 2851
2848 2851
2852 2859
2855 2859
2859 2863
2895 2916
2939 2956
296 302
2960 2974
2965 2974
2966 2974
2974 2976
2990 2994
2992 3050
2993 3077
2995 3076
3003 3010
3004 3012
3010 3014
3012 3014
3041 3049
307 316
307 323
3095 3100
3095 3103
3100 3111
3108 3112
3108 3111
3112 3133
3113 3126
3126 3133
3136 3141
3170 3176
33 45
323 333
33 48
35 45
341 352
341 354
341 347
347 354
348 352
355 368
357 368
366 368
368 375
368 382
395 413
396 413
401 413
401 408
404 413
405 407
408 413
417 426
426 441
426 437
426 431
426 433
443 451
453 456
453 462
46 48
467 475
473 475
487 495
489 495
493 495
498 501
498 503
498 501
501 503
507 509
507 513
507 518
518 545
519 523
519 525
519 529
519 531
519 535
521 525
523 531
523 525
523 529
525 527
525 528
527 529
529 531
529 535
529 544
535 544
545 557
545 553
545 560
545 562
569 578
569 574
571 574
580 583
580 589
59 79
585 589
59 64
596 603
599 603
605 607
607 613
617 621
617 624
621 624
624 636
630 636
636 645
636 648
636 651
646 648
646 651
657 699
665 680
666 680
710 719
8 17
8 19
716 719
719 721
720 727
721 727
731 745
741 745
745 751
746 748
746 748
748 758
754 758
756 758
759 766
759 763
760 768
763 766
763 768
769 774
769 792
777 791
777 792
780 791
780 792
793 802
793 796
799 802
800 802
802 812
808 835
821 835
839 1113
860 870
860 876
860 863
860 866
860 878
873 878
873 875
876 878
886 891
893 898
893 900
893 904
898 900
898 904
901 904
904 906
904 918
920 928
920 943
920 945
947 958
950 958
960 963
961 963
963 997
98 103
1003 1015
1003 1025
1004 1009
1005 1009
1005 1010
1011 1025
1011 1015
1030 1107
106 115
106 111
109 111
1097 1110
1097 1107
1103 1113
111 115
1107 1110
1108 1112
1111 1114
1115 1121
1115 1123
113 115
1132 1150
118 132
118 128
1276 1288
1280 1288
1289 1296
1294 1296
132 139
1318 1515
1319 1516
1324 1468
1326 1330
1331 1336
1332 1444
1334 1442
1335 1441
1336 2041
1337 1404
1337 1388
1342 1388
1342 1390
140 152
1407 1425
143 152
143 166
1446 1448
1446 1458
1461 1463
1470 1477
1473 1477
1477 1480
150 166
1510 1514
1517 1519
1536 1538
1536 1540
155 166
1546 1548
1546 1554
1546 1552
1552 1554
157 165
1602 1606
161 164
161 165
1607 1622
1623 1645
1623 1648
1623 1632
1623 1633
1634 1645
1634 1645
1634 1648
1638 1645
1638 1648
1645 1648
17 19
1661 1666
1661 1663
1673 1694
170 210
170 176
1694 1704
1711 1722
1726 1729
1732 1736
1732 1738
1734 1736
1739 1741
1739 1751
1743 1751
1749 1755
1758 1770
1758 1760
1758 1764
1764 1770
1764 1786
1802 1814
1802 1806
1807 1814
1815 1826
1830 1842
1842 1854
1846 1850
1846 1854
1847 1854
1850 1854
1855 1858
1858 1864
1869 1881
1869 1875
1871 1875
1897 1903
1903 1911
1903 1907
1908 1911
1911 1934
1911 1934
1911 1950
1915 1934
1921 1934
1935 1950
1943 1950
1954 1956
1954 1958
1959 1961
1962 1968
1962 1969
1973 1979
1992 2019
1992 1994
1992 1995
1995 2001
1995 1999
