2004 2008
2005 2008
2010 2014
2010 2021
2014 2021
2017 2021
2022 2031
2026 2031
2033 2036
2033 2039
2036 2038
2039 2068
2039 2060
2039 2062
2039 2052
2039 2056
2052 2060
2052 2062
2056 2060
2056 2062
2068 2082
2070 2082
208 250
2078 2082
2084 2086
2151 2164
2151 2159
2153 2159
2153 2164
2159 2164
2164 2170
2168 2170
2205 2227
2241 2244
2241 2245
2247 2260
2254 2257
2254 2259
2255 2259
2257 2259
2259 2268
2265 2268
2269 2282
2276 2282
2291 2297
2291 2303
2294 2302
2298 2303
2298 2312
2298 2303
2321 2324
2324 2329
2325 2327
2325 2329
2337 2342
2339 2341
2344 2349
2344 2356
2344 2366
2345 2349
2349 2366
2349 2354
2349 2356
2350 2360
2351 2356
2351 2366
2356 2366
2368 2389
2368 2387
2379 2389
2379 2387
2391 2404
2411 2442
2426 2442
2447 2463
2471 2477
2480 2483
2482 2484
2487 2496
2490 2496
2498 2505
2498 2512
2498 2503
2505 2515
2505 2523
2505 2512
2512 2523
2517 2523
2520 2523
2527 2535
2527 2536
2538 2542
2544 2550
2544 2546
255 262
255 257
2547 2550
2548 2563
2548 2550
2551 2553
2551 2559
2551 2563
2561 2563
2564 2584
2564 2580
2564 2586
2564 2568
2582 2585
2588 2591
2595 2600
2600 2604
2606 2614
2608 2614
2611 2614
2638 2648
2638 2651
2649 2651
2654 2656
2654 2657
2658 2661
2667 2672
2672 2675
2672 2677
2673 2675
2673 2677
2675 2677
2675 2678
2679 2685
2682 2685
2683 2693
269 288
2685 2693
2685 2688
2688 2693
2690 2693
2691 2693
2693 2703
2706 2721
2706 2710
2706 2714
2708 2714
2719 2721
2722 2728
2722 2769
2734 2738
2752 2758
2752 2765
2752 2767
2760 2765
2776 2781
2778 2781
2783 2785
2788 2791
2794 2799
2794 2803
2797 2799
2801 2803
2804 2807
2804 2809
2812 2814
290 296
30 33
293 296
305 313
318 323
343 350
351 357
351 365
357 365
366 381
38 41
38 42
381 390
382 384
383 390
384 390
399 413
399 419
399 423
408 419
408 413
413 419
413 423
418 423
425 436
43 55
427 436
430 436
437 450
437 441
437 445
520 527
520 533
535 538
535 546
541 546
547 551
555 562
58 87
623 636
643 645
65 69
648 652
648 660
652 660
662 664
662 665
672 771
673 675
689 693
70 83
70 75
698 700
703 706
703 710
729 732
733 735
738 748
741 747
741 749
75 83
75 88
750 752
750 759
759 764
759 768
88 91
96 100
96 109
96 112
100 112
102 109
102 112
110 112
118 121
118 127
122 127
13 21
128 132
132 134
1369 1424
142 151
1424 1427
1424 1433
1434 1436
1434 1437
1441 1444
1446 1450
1452 1455
1452 1465
1459 1465
1466 1478
1466 1473
1485 1488
1485 1493
1489 1493
1494 1498
1494 1505
1494 1509
1498 1505
1498 1509
1510 1516
1517 1540
1526 1544
1527 1540
1548 1553
1548 1554
1552 1554
1558 1570
1558 1579
156 160
1582 1586
1589 1592
1589 1596
1596 1602
1602 1608
1618 1620
1656 1712
1719 1724
1725 1731
1732 1736
1732 1738
1732 1739
1741 1752
1741 1756
1741 1758
1741 1765
1741 1748
1746 1758
1747 1752
1747 1756
1767 1769
18 21
1781 1799
1783 1799
1785 1799
1800 1809
1800 1806
1812 1824
1825 1838
1825 1833
1841 2618
1841 1844
1843 2618
1844 2618
1845 1858
1845 1860
1845 2618
1855 2618
1859 1871
1859 1873
1859 2618
1860 1871
1860 1873
1862 2618
1864 2618
1865 2618
1868 2618
1870 2618
1871 2618
1873 2618
1874 1889
1874 1884
1874 1890
1876 1884
1898 1912
1898 1905
1898 1908
1910 1912
1918 1922
1919 1922
193 196
193 199
1929 1935
1937 1940
1949 1958
1951 1954
1951 1958
1962 1966
1966 1973
1980 1982
1985 1989
1993 2008
1993 2004
